Time: 0
Waiting clients:  (29, 2, 3) (8, 4, 7) (34, 5, 7) (36, 5, 4) (47, 5, 6) (17, 6, 2) (9, 7, 7) (11, 7, 6) (15, 7, 3) (42, 7, 3) (2, 8, 7) (35, 8, 4) (14, 10, 1) (12, 11, 2) (46, 11, 3) (18, 12, 2) (23, 14, 7) (25, 14, 4) (44, 15, 6) (10, 16, 1) (31, 16, 1) (6, 18, 7) (41, 19, 2) (50, 22, 7) (1, 23, 3) (38, 23, 5) (33, 24, 6) (22, 25, 2) (45, 25, 4) (7, 26, 2) (30, 26, 1) (37, 26, 7) (39, 26, 3) (21, 27, 5) (27, 29, 5) (40, 29, 4) (28, 31, 6) (26, 32, 3) (43, 32, 6) (48, 32, 2) (4, 34, 7) (49, 34, 3) (19, 35, 6) (16, 36, 1) (3, 37, 4) (24, 37, 7) (20, 38, 1) (32, 38, 3) (5, 40, 1) (13, 40, 7)
Queue1 :closed
Queue2 :closed
Queue3 :closed
Queue4 :closed
Queue5 :closed

Time: 1
Waiting clients:  (29, 2, 3) (8, 4, 7) (34, 5, 7) (36, 5, 4) (47, 5, 6) (17, 6, 2) (9, 7, 7) (11, 7, 6) (15, 7, 3) (42, 7, 3) (2, 8, 7) (35, 8, 4) (14, 10, 1) (12, 11, 2) (46, 11, 3) (18, 12, 2) (23, 14, 7) (25, 14, 4) (44, 15, 6) (10, 16, 1) (31, 16, 1) (6, 18, 7) (41, 19, 2) (50, 22, 7) (1, 23, 3) (38, 23, 5) (33, 24, 6) (22, 25, 2) (45, 25, 4) (7, 26, 2) (30, 26, 1) (37, 26, 7) (39, 26, 3) (21, 27, 5) (27, 29, 5) (40, 29, 4) (28, 31, 6) (26, 32, 3) (43, 32, 6) (48, 32, 2) (4, 34, 7) (49, 34, 3) (19, 35, 6) (16, 36, 1) (3, 37, 4) (24, 37, 7) (20, 38, 1) (32, 38, 3) (5, 40, 1) (13, 40, 7)
Queue1 :closed
Queue2 :closed
Queue3 :closed
Queue4 :closed
Queue5 :closed

Time: 2
Waiting clients:  (8, 4, 7) (34, 5, 7) (36, 5, 4) (47, 5, 6) (17, 6, 2) (9, 7, 7) (11, 7, 6) (15, 7, 3) (42, 7, 3) (2, 8, 7) (35, 8, 4) (14, 10, 1) (12, 11, 2) (46, 11, 3) (18, 12, 2) (23, 14, 7) (25, 14, 4) (44, 15, 6) (10, 16, 1) (31, 16, 1) (6, 18, 7) (41, 19, 2) (50, 22, 7) (1, 23, 3) (38, 23, 5) (33, 24, 6) (22, 25, 2) (45, 25, 4) (7, 26, 2) (30, 26, 1) (37, 26, 7) (39, 26, 3) (21, 27, 5) (27, 29, 5) (40, 29, 4) (28, 31, 6) (26, 32, 3) (43, 32, 6) (48, 32, 2) (4, 34, 7) (49, 34, 3) (19, 35, 6) (16, 36, 1) (3, 37, 4) (24, 37, 7) (20, 38, 1) (32, 38, 3) (5, 40, 1) (13, 40, 7)
Queue1 : (29, 2, 3)
Queue2 :closed
Queue3 :closed
Queue4 :closed
Queue5 :closed

Time: 3
Waiting clients:  (8, 4, 7) (34, 5, 7) (36, 5, 4) (47, 5, 6) (17, 6, 2) (9, 7, 7) (11, 7, 6) (15, 7, 3) (42, 7, 3) (2, 8, 7) (35, 8, 4) (14, 10, 1) (12, 11, 2) (46, 11, 3) (18, 12, 2) (23, 14, 7) (25, 14, 4) (44, 15, 6) (10, 16, 1) (31, 16, 1) (6, 18, 7) (41, 19, 2) (50, 22, 7) (1, 23, 3) (38, 23, 5) (33, 24, 6) (22, 25, 2) (45, 25, 4) (7, 26, 2) (30, 26, 1) (37, 26, 7) (39, 26, 3) (21, 27, 5) (27, 29, 5) (40, 29, 4) (28, 31, 6) (26, 32, 3) (43, 32, 6) (48, 32, 2) (4, 34, 7) (49, 34, 3) (19, 35, 6) (16, 36, 1) (3, 37, 4) (24, 37, 7) (20, 38, 1) (32, 38, 3) (5, 40, 1) (13, 40, 7)
Queue1 : (29, 2, 2)
Queue2 :closed
Queue3 :closed
Queue4 :closed
Queue5 :closed

Time: 4
Waiting clients:  (34, 5, 7) (36, 5, 4) (47, 5, 6) (17, 6, 2) (9, 7, 7) (11, 7, 6) (15, 7, 3) (42, 7, 3) (2, 8, 7) (35, 8, 4) (14, 10, 1) (12, 11, 2) (46, 11, 3) (18, 12, 2) (23, 14, 7) (25, 14, 4) (44, 15, 6) (10, 16, 1) (31, 16, 1) (6, 18, 7) (41, 19, 2) (50, 22, 7) (1, 23, 3) (38, 23, 5) (33, 24, 6) (22, 25, 2) (45, 25, 4) (7, 26, 2) (30, 26, 1) (37, 26, 7) (39, 26, 3) (21, 27, 5) (27, 29, 5) (40, 29, 4) (28, 31, 6) (26, 32, 3) (43, 32, 6) (48, 32, 2) (4, 34, 7) (49, 34, 3) (19, 35, 6) (16, 36, 1) (3, 37, 4) (24, 37, 7) (20, 38, 1) (32, 38, 3) (5, 40, 1) (13, 40, 7)
Queue1 : (29, 2, 1)
Queue2 : (8, 4, 7)
Queue3 :closed
Queue4 :closed
Queue5 :closed

Time: 5
Waiting clients:  (17, 6, 2) (9, 7, 7) (11, 7, 6) (15, 7, 3) (42, 7, 3) (2, 8, 7) (35, 8, 4) (14, 10, 1) (12, 11, 2) (46, 11, 3) (18, 12, 2) (23, 14, 7) (25, 14, 4) (44, 15, 6) (10, 16, 1) (31, 16, 1) (6, 18, 7) (41, 19, 2) (50, 22, 7) (1, 23, 3) (38, 23, 5) (33, 24, 6) (22, 25, 2) (45, 25, 4) (7, 26, 2) (30, 26, 1) (37, 26, 7) (39, 26, 3) (21, 27, 5) (27, 29, 5) (40, 29, 4) (28, 31, 6) (26, 32, 3) (43, 32, 6) (48, 32, 2) (4, 34, 7) (49, 34, 3) (19, 35, 6) (16, 36, 1) (3, 37, 4) (24, 37, 7) (20, 38, 1) (32, 38, 3) (5, 40, 1) (13, 40, 7)
Queue1 : (34, 5, 7)
Queue2 : (8, 4, 6)
Queue3 : (36, 5, 4)
Queue4 : (47, 5, 6)
Queue5 :closed

Time: 6
Waiting clients:  (9, 7, 7) (11, 7, 6) (15, 7, 3) (42, 7, 3) (2, 8, 7) (35, 8, 4) (14, 10, 1) (12, 11, 2) (46, 11, 3) (18, 12, 2) (23, 14, 7) (25, 14, 4) (44, 15, 6) (10, 16, 1) (31, 16, 1) (6, 18, 7) (41, 19, 2) (50, 22, 7) (1, 23, 3) (38, 23, 5) (33, 24, 6) (22, 25, 2) (45, 25, 4) (7, 26, 2) (30, 26, 1) (37, 26, 7) (39, 26, 3) (21, 27, 5) (27, 29, 5) (40, 29, 4) (28, 31, 6) (26, 32, 3) (43, 32, 6) (48, 32, 2) (4, 34, 7) (49, 34, 3) (19, 35, 6) (16, 36, 1) (3, 37, 4) (24, 37, 7) (20, 38, 1) (32, 38, 3) (5, 40, 1) (13, 40, 7)
Queue1 : (34, 5, 6)
Queue2 : (8, 4, 5)
Queue3 : (36, 5, 3)
Queue4 : (47, 5, 5)
Queue5 : (17, 6, 2)

Time: 7
Waiting clients:  (2, 8, 7) (35, 8, 4) (14, 10, 1) (12, 11, 2) (46, 11, 3) (18, 12, 2) (23, 14, 7) (25, 14, 4) (44, 15, 6) (10, 16, 1) (31, 16, 1) (6, 18, 7) (41, 19, 2) (50, 22, 7) (1, 23, 3) (38, 23, 5) (33, 24, 6) (22, 25, 2) (45, 25, 4) (7, 26, 2) (30, 26, 1) (37, 26, 7) (39, 26, 3) (21, 27, 5) (27, 29, 5) (40, 29, 4) (28, 31, 6) (26, 32, 3) (43, 32, 6) (48, 32, 2) (4, 34, 7) (49, 34, 3) (19, 35, 6) (16, 36, 1) (3, 37, 4) (24, 37, 7) (20, 38, 1) (32, 38, 3) (5, 40, 1) (13, 40, 7)
Queue1 : (34, 5, 5) (9, 7, 7)
Queue2 : (8, 4, 4) (11, 7, 6)
Queue3 : (36, 5, 2) (15, 7, 3)
Queue4 : (47, 5, 4) (42, 7, 3)
Queue5 : (17, 6, 1)

Time: 8
Waiting clients:  (14, 10, 1) (12, 11, 2) (46, 11, 3) (18, 12, 2) (23, 14, 7) (25, 14, 4) (44, 15, 6) (10, 16, 1) (31, 16, 1) (6, 18, 7) (41, 19, 2) (50, 22, 7) (1, 23, 3) (38, 23, 5) (33, 24, 6) (22, 25, 2) (45, 25, 4) (7, 26, 2) (30, 26, 1) (37, 26, 7) (39, 26, 3) (21, 27, 5) (27, 29, 5) (40, 29, 4) (28, 31, 6) (26, 32, 3) (43, 32, 6) (48, 32, 2) (4, 34, 7) (49, 34, 3) (19, 35, 6) (16, 36, 1) (3, 37, 4) (24, 37, 7) (20, 38, 1) (32, 38, 3) (5, 40, 1) (13, 40, 7)
Queue1 : (34, 5, 4) (9, 7, 7)
Queue2 : (8, 4, 3) (11, 7, 6)
Queue3 : (36, 5, 1) (15, 7, 3)
Queue4 : (47, 5, 3) (42, 7, 3)
Queue5 : (2, 8, 7) (35, 8, 4)

Time: 9
Waiting clients:  (14, 10, 1) (12, 11, 2) (46, 11, 3) (18, 12, 2) (23, 14, 7) (25, 14, 4) (44, 15, 6) (10, 16, 1) (31, 16, 1) (6, 18, 7) (41, 19, 2) (50, 22, 7) (1, 23, 3) (38, 23, 5) (33, 24, 6) (22, 25, 2) (45, 25, 4) (7, 26, 2) (30, 26, 1) (37, 26, 7) (39, 26, 3) (21, 27, 5) (27, 29, 5) (40, 29, 4) (28, 31, 6) (26, 32, 3) (43, 32, 6) (48, 32, 2) (4, 34, 7) (49, 34, 3) (19, 35, 6) (16, 36, 1) (3, 37, 4) (24, 37, 7) (20, 38, 1) (32, 38, 3) (5, 40, 1) (13, 40, 7)
Queue1 : (34, 5, 3) (9, 7, 7)
Queue2 : (8, 4, 2) (11, 7, 6)
Queue3 : (15, 7, 3)
Queue4 : (47, 5, 2) (42, 7, 3)
Queue5 : (2, 8, 6) (35, 8, 4)

Time: 10
Waiting clients:  (12, 11, 2) (46, 11, 3) (18, 12, 2) (23, 14, 7) (25, 14, 4) (44, 15, 6) (10, 16, 1) (31, 16, 1) (6, 18, 7) (41, 19, 2) (50, 22, 7) (1, 23, 3) (38, 23, 5) (33, 24, 6) (22, 25, 2) (45, 25, 4) (7, 26, 2) (30, 26, 1) (37, 26, 7) (39, 26, 3) (21, 27, 5) (27, 29, 5) (40, 29, 4) (28, 31, 6) (26, 32, 3) (43, 32, 6) (48, 32, 2) (4, 34, 7) (49, 34, 3) (19, 35, 6) (16, 36, 1) (3, 37, 4) (24, 37, 7) (20, 38, 1) (32, 38, 3) (5, 40, 1) (13, 40, 7)
Queue1 : (34, 5, 2) (9, 7, 7)
Queue2 : (8, 4, 1) (11, 7, 6)
Queue3 : (15, 7, 2) (14, 10, 1)
Queue4 : (47, 5, 1) (42, 7, 3)
Queue5 : (2, 8, 5) (35, 8, 4)

Time: 11
Waiting clients:  (18, 12, 2) (23, 14, 7) (25, 14, 4) (44, 15, 6) (10, 16, 1) (31, 16, 1) (6, 18, 7) (41, 19, 2) (50, 22, 7) (1, 23, 3) (38, 23, 5) (33, 24, 6) (22, 25, 2) (45, 25, 4) (7, 26, 2) (30, 26, 1) (37, 26, 7) (39, 26, 3) (21, 27, 5) (27, 29, 5) (40, 29, 4) (28, 31, 6) (26, 32, 3) (43, 32, 6) (48, 32, 2) (4, 34, 7) (49, 34, 3) (19, 35, 6) (16, 36, 1) (3, 37, 4) (24, 37, 7) (20, 38, 1) (32, 38, 3) (5, 40, 1) (13, 40, 7)
Queue1 : (34, 5, 1) (9, 7, 7)
Queue2 : (11, 7, 6) (12, 11, 2)
Queue3 : (15, 7, 1) (14, 10, 1)
Queue4 : (42, 7, 3) (46, 11, 3)
Queue5 : (2, 8, 4) (35, 8, 4)

Time: 12
Waiting clients:  (23, 14, 7) (25, 14, 4) (44, 15, 6) (10, 16, 1) (31, 16, 1) (6, 18, 7) (41, 19, 2) (50, 22, 7) (1, 23, 3) (38, 23, 5) (33, 24, 6) (22, 25, 2) (45, 25, 4) (7, 26, 2) (30, 26, 1) (37, 26, 7) (39, 26, 3) (21, 27, 5) (27, 29, 5) (40, 29, 4) (28, 31, 6) (26, 32, 3) (43, 32, 6) (48, 32, 2) (4, 34, 7) (49, 34, 3) (19, 35, 6) (16, 36, 1) (3, 37, 4) (24, 37, 7) (20, 38, 1) (32, 38, 3) (5, 40, 1) (13, 40, 7)
Queue1 : (9, 7, 7) (18, 12, 2)
Queue2 : (11, 7, 5) (12, 11, 2)
Queue3 : (14, 10, 1)
Queue4 : (42, 7, 2) (46, 11, 3)
Queue5 : (2, 8, 3) (35, 8, 4)

Time: 13
Waiting clients:  (23, 14, 7) (25, 14, 4) (44, 15, 6) (10, 16, 1) (31, 16, 1) (6, 18, 7) (41, 19, 2) (50, 22, 7) (1, 23, 3) (38, 23, 5) (33, 24, 6) (22, 25, 2) (45, 25, 4) (7, 26, 2) (30, 26, 1) (37, 26, 7) (39, 26, 3) (21, 27, 5) (27, 29, 5) (40, 29, 4) (28, 31, 6) (26, 32, 3) (43, 32, 6) (48, 32, 2) (4, 34, 7) (49, 34, 3) (19, 35, 6) (16, 36, 1) (3, 37, 4) (24, 37, 7) (20, 38, 1) (32, 38, 3) (5, 40, 1) (13, 40, 7)
Queue1 : (9, 7, 6) (18, 12, 2)
Queue2 : (11, 7, 4) (12, 11, 2)
Queue3 :closed
Queue4 : (42, 7, 1) (46, 11, 3)
Queue5 : (2, 8, 2) (35, 8, 4)

Time: 14
Waiting clients:  (44, 15, 6) (10, 16, 1) (31, 16, 1) (6, 18, 7) (41, 19, 2) (50, 22, 7) (1, 23, 3) (38, 23, 5) (33, 24, 6) (22, 25, 2) (45, 25, 4) (7, 26, 2) (30, 26, 1) (37, 26, 7) (39, 26, 3) (21, 27, 5) (27, 29, 5) (40, 29, 4) (28, 31, 6) (26, 32, 3) (43, 32, 6) (48, 32, 2) (4, 34, 7) (49, 34, 3) (19, 35, 6) (16, 36, 1) (3, 37, 4) (24, 37, 7) (20, 38, 1) (32, 38, 3) (5, 40, 1) (13, 40, 7)
Queue1 : (9, 7, 5) (18, 12, 2)
Queue2 : (11, 7, 3) (12, 11, 2)
Queue3 : (23, 14, 7) (25, 14, 4)
Queue4 : (46, 11, 3)
Queue5 : (2, 8, 1) (35, 8, 4)

Time: 15
Waiting clients:  (10, 16, 1) (31, 16, 1) (6, 18, 7) (41, 19, 2) (50, 22, 7) (1, 23, 3) (38, 23, 5) (33, 24, 6) (22, 25, 2) (45, 25, 4) (7, 26, 2) (30, 26, 1) (37, 26, 7) (39, 26, 3) (21, 27, 5) (27, 29, 5) (40, 29, 4) (28, 31, 6) (26, 32, 3) (43, 32, 6) (48, 32, 2) (4, 34, 7) (49, 34, 3) (19, 35, 6) (16, 36, 1) (3, 37, 4) (24, 37, 7) (20, 38, 1) (32, 38, 3) (5, 40, 1) (13, 40, 7)
Queue1 : (9, 7, 4) (18, 12, 2)
Queue2 : (11, 7, 2) (12, 11, 2)
Queue3 : (23, 14, 6) (25, 14, 4)
Queue4 : (46, 11, 2) (44, 15, 6)
Queue5 : (35, 8, 4)

Time: 16
Waiting clients:  (6, 18, 7) (41, 19, 2) (50, 22, 7) (1, 23, 3) (38, 23, 5) (33, 24, 6) (22, 25, 2) (45, 25, 4) (7, 26, 2) (30, 26, 1) (37, 26, 7) (39, 26, 3) (21, 27, 5) (27, 29, 5) (40, 29, 4) (28, 31, 6) (26, 32, 3) (43, 32, 6) (48, 32, 2) (4, 34, 7) (49, 34, 3) (19, 35, 6) (16, 36, 1) (3, 37, 4) (24, 37, 7) (20, 38, 1) (32, 38, 3) (5, 40, 1) (13, 40, 7)
Queue1 : (9, 7, 3) (18, 12, 2) (31, 16, 1)
Queue2 : (11, 7, 1) (12, 11, 2)
Queue3 : (23, 14, 5) (25, 14, 4)
Queue4 : (46, 11, 1) (44, 15, 6)
Queue5 : (35, 8, 3) (10, 16, 1)

Time: 17
Waiting clients:  (6, 18, 7) (41, 19, 2) (50, 22, 7) (1, 23, 3) (38, 23, 5) (33, 24, 6) (22, 25, 2) (45, 25, 4) (7, 26, 2) (30, 26, 1) (37, 26, 7) (39, 26, 3) (21, 27, 5) (27, 29, 5) (40, 29, 4) (28, 31, 6) (26, 32, 3) (43, 32, 6) (48, 32, 2) (4, 34, 7) (49, 34, 3) (19, 35, 6) (16, 36, 1) (3, 37, 4) (24, 37, 7) (20, 38, 1) (32, 38, 3) (5, 40, 1) (13, 40, 7)
Queue1 : (9, 7, 2) (18, 12, 2) (31, 16, 1)
Queue2 : (12, 11, 2)
Queue3 : (23, 14, 4) (25, 14, 4)
Queue4 : (44, 15, 6)
Queue5 : (35, 8, 2) (10, 16, 1)

Time: 18
Waiting clients:  (41, 19, 2) (50, 22, 7) (1, 23, 3) (38, 23, 5) (33, 24, 6) (22, 25, 2) (45, 25, 4) (7, 26, 2) (30, 26, 1) (37, 26, 7) (39, 26, 3) (21, 27, 5) (27, 29, 5) (40, 29, 4) (28, 31, 6) (26, 32, 3) (43, 32, 6) (48, 32, 2) (4, 34, 7) (49, 34, 3) (19, 35, 6) (16, 36, 1) (3, 37, 4) (24, 37, 7) (20, 38, 1) (32, 38, 3) (5, 40, 1) (13, 40, 7)
Queue1 : (9, 7, 1) (18, 12, 2) (31, 16, 1)
Queue2 : (12, 11, 1) (6, 18, 7)
Queue3 : (23, 14, 3) (25, 14, 4)
Queue4 : (44, 15, 5)
Queue5 : (35, 8, 1) (10, 16, 1)

Time: 19
Waiting clients:  (50, 22, 7) (1, 23, 3) (38, 23, 5) (33, 24, 6) (22, 25, 2) (45, 25, 4) (7, 26, 2) (30, 26, 1) (37, 26, 7) (39, 26, 3) (21, 27, 5) (27, 29, 5) (40, 29, 4) (28, 31, 6) (26, 32, 3) (43, 32, 6) (48, 32, 2) (4, 34, 7) (49, 34, 3) (19, 35, 6) (16, 36, 1) (3, 37, 4) (24, 37, 7) (20, 38, 1) (32, 38, 3) (5, 40, 1) (13, 40, 7)
Queue1 : (18, 12, 2) (31, 16, 1)
Queue2 : (6, 18, 7) (41, 19, 2)
Queue3 : (23, 14, 2) (25, 14, 4)
Queue4 : (44, 15, 4)
Queue5 : (10, 16, 1)

Time: 20
Waiting clients:  (50, 22, 7) (1, 23, 3) (38, 23, 5) (33, 24, 6) (22, 25, 2) (45, 25, 4) (7, 26, 2) (30, 26, 1) (37, 26, 7) (39, 26, 3) (21, 27, 5) (27, 29, 5) (40, 29, 4) (28, 31, 6) (26, 32, 3) (43, 32, 6) (48, 32, 2) (4, 34, 7) (49, 34, 3) (19, 35, 6) (16, 36, 1) (3, 37, 4) (24, 37, 7) (20, 38, 1) (32, 38, 3) (5, 40, 1) (13, 40, 7)
Queue1 : (18, 12, 1) (31, 16, 1)
Queue2 : (6, 18, 6) (41, 19, 2)
Queue3 : (23, 14, 1) (25, 14, 4)
Queue4 : (44, 15, 3)
Queue5 :closed

Time: 21
Waiting clients:  (50, 22, 7) (1, 23, 3) (38, 23, 5) (33, 24, 6) (22, 25, 2) (45, 25, 4) (7, 26, 2) (30, 26, 1) (37, 26, 7) (39, 26, 3) (21, 27, 5) (27, 29, 5) (40, 29, 4) (28, 31, 6) (26, 32, 3) (43, 32, 6) (48, 32, 2) (4, 34, 7) (49, 34, 3) (19, 35, 6) (16, 36, 1) (3, 37, 4) (24, 37, 7) (20, 38, 1) (32, 38, 3) (5, 40, 1) (13, 40, 7)
Queue1 : (31, 16, 1)
Queue2 : (6, 18, 5) (41, 19, 2)
Queue3 : (25, 14, 4)
Queue4 : (44, 15, 2)
Queue5 :closed

Time: 22
Waiting clients:  (1, 23, 3) (38, 23, 5) (33, 24, 6) (22, 25, 2) (45, 25, 4) (7, 26, 2) (30, 26, 1) (37, 26, 7) (39, 26, 3) (21, 27, 5) (27, 29, 5) (40, 29, 4) (28, 31, 6) (26, 32, 3) (43, 32, 6) (48, 32, 2) (4, 34, 7) (49, 34, 3) (19, 35, 6) (16, 36, 1) (3, 37, 4) (24, 37, 7) (20, 38, 1) (32, 38, 3) (5, 40, 1) (13, 40, 7)
Queue1 : (50, 22, 7)
Queue2 : (6, 18, 4) (41, 19, 2)
Queue3 : (25, 14, 3)
Queue4 : (44, 15, 1)
Queue5 :closed

Time: 23
Waiting clients:  (33, 24, 6) (22, 25, 2) (45, 25, 4) (7, 26, 2) (30, 26, 1) (37, 26, 7) (39, 26, 3) (21, 27, 5) (27, 29, 5) (40, 29, 4) (28, 31, 6) (26, 32, 3) (43, 32, 6) (48, 32, 2) (4, 34, 7) (49, 34, 3) (19, 35, 6) (16, 36, 1) (3, 37, 4) (24, 37, 7) (20, 38, 1) (32, 38, 3) (5, 40, 1) (13, 40, 7)
Queue1 : (50, 22, 6)
Queue2 : (6, 18, 3) (41, 19, 2)
Queue3 : (25, 14, 2)
Queue4 : (1, 23, 3)
Queue5 : (38, 23, 5)

Time: 24
Waiting clients:  (22, 25, 2) (45, 25, 4) (7, 26, 2) (30, 26, 1) (37, 26, 7) (39, 26, 3) (21, 27, 5) (27, 29, 5) (40, 29, 4) (28, 31, 6) (26, 32, 3) (43, 32, 6) (48, 32, 2) (4, 34, 7) (49, 34, 3) (19, 35, 6) (16, 36, 1) (3, 37, 4) (24, 37, 7) (20, 38, 1) (32, 38, 3) (5, 40, 1) (13, 40, 7)
Queue1 : (50, 22, 5) (33, 24, 6)
Queue2 : (6, 18, 2) (41, 19, 2)
Queue3 : (25, 14, 1)
Queue4 : (1, 23, 2)
Queue5 : (38, 23, 4)

Time: 25
Waiting clients:  (7, 26, 2) (30, 26, 1) (37, 26, 7) (39, 26, 3) (21, 27, 5) (27, 29, 5) (40, 29, 4) (28, 31, 6) (26, 32, 3) (43, 32, 6) (48, 32, 2) (4, 34, 7) (49, 34, 3) (19, 35, 6) (16, 36, 1) (3, 37, 4) (24, 37, 7) (20, 38, 1) (32, 38, 3) (5, 40, 1) (13, 40, 7)
Queue1 : (50, 22, 4) (33, 24, 6)
Queue2 : (6, 18, 1) (41, 19, 2)
Queue3 : (22, 25, 2) (45, 25, 4)
Queue4 : (1, 23, 1)
Queue5 : (38, 23, 3)

Time: 26
Waiting clients:  (21, 27, 5) (27, 29, 5) (40, 29, 4) (28, 31, 6) (26, 32, 3) (43, 32, 6) (48, 32, 2) (4, 34, 7) (49, 34, 3) (19, 35, 6) (16, 36, 1) (3, 37, 4) (24, 37, 7) (20, 38, 1) (32, 38, 3) (5, 40, 1) (13, 40, 7)
Queue1 : (50, 22, 3) (33, 24, 6)
Queue2 : (41, 19, 2) (30, 26, 1)
Queue3 : (22, 25, 1) (45, 25, 4)
Queue4 : (7, 26, 2) (37, 26, 7)
Queue5 : (38, 23, 2) (39, 26, 3)

Time: 27
Waiting clients:  (27, 29, 5) (40, 29, 4) (28, 31, 6) (26, 32, 3) (43, 32, 6) (48, 32, 2) (4, 34, 7) (49, 34, 3) (19, 35, 6) (16, 36, 1) (3, 37, 4) (24, 37, 7) (20, 38, 1) (32, 38, 3) (5, 40, 1) (13, 40, 7)
Queue1 : (50, 22, 2) (33, 24, 6)
Queue2 : (41, 19, 1) (30, 26, 1)
Queue3 : (45, 25, 4) (21, 27, 5)
Queue4 : (7, 26, 1) (37, 26, 7)
Queue5 : (38, 23, 1) (39, 26, 3)

Time: 28
Waiting clients:  (27, 29, 5) (40, 29, 4) (28, 31, 6) (26, 32, 3) (43, 32, 6) (48, 32, 2) (4, 34, 7) (49, 34, 3) (19, 35, 6) (16, 36, 1) (3, 37, 4) (24, 37, 7) (20, 38, 1) (32, 38, 3) (5, 40, 1) (13, 40, 7)
Queue1 : (50, 22, 1) (33, 24, 6)
Queue2 : (30, 26, 1)
Queue3 : (45, 25, 3) (21, 27, 5)
Queue4 : (37, 26, 7)
Queue5 : (39, 26, 3)

Time: 29
Waiting clients:  (28, 31, 6) (26, 32, 3) (43, 32, 6) (48, 32, 2) (4, 34, 7) (49, 34, 3) (19, 35, 6) (16, 36, 1) (3, 37, 4) (24, 37, 7) (20, 38, 1) (32, 38, 3) (5, 40, 1) (13, 40, 7)
Queue1 : (33, 24, 6) (40, 29, 4)
Queue2 : (27, 29, 5)
Queue3 : (45, 25, 2) (21, 27, 5)
Queue4 : (37, 26, 6)
Queue5 : (39, 26, 2)

Time: 30
Waiting clients:  (28, 31, 6) (26, 32, 3) (43, 32, 6) (48, 32, 2) (4, 34, 7) (49, 34, 3) (19, 35, 6) (16, 36, 1) (3, 37, 4) (24, 37, 7) (20, 38, 1) (32, 38, 3) (5, 40, 1) (13, 40, 7)
Queue1 : (33, 24, 5) (40, 29, 4)
Queue2 : (27, 29, 4)
Queue3 : (45, 25, 1) (21, 27, 5)
Queue4 : (37, 26, 5)
Queue5 : (39, 26, 1)

Time: 31
Waiting clients:  (26, 32, 3) (43, 32, 6) (48, 32, 2) (4, 34, 7) (49, 34, 3) (19, 35, 6) (16, 36, 1) (3, 37, 4) (24, 37, 7) (20, 38, 1) (32, 38, 3) (5, 40, 1) (13, 40, 7)
Queue1 : (33, 24, 4) (40, 29, 4)
Queue2 : (27, 29, 3)
Queue3 : (21, 27, 5)
Queue4 : (37, 26, 4)
Queue5 : (28, 31, 6)

Time: 32
Waiting clients:  (4, 34, 7) (49, 34, 3) (19, 35, 6) (16, 36, 1) (3, 37, 4) (24, 37, 7) (20, 38, 1) (32, 38, 3) (5, 40, 1) (13, 40, 7)
Queue1 : (33, 24, 3) (40, 29, 4)
Queue2 : (27, 29, 2) (26, 32, 3)
Queue3 : (21, 27, 4) (43, 32, 6)
Queue4 : (37, 26, 3) (48, 32, 2)
Queue5 : (28, 31, 5)

Time: 33
Waiting clients:  (4, 34, 7) (49, 34, 3) (19, 35, 6) (16, 36, 1) (3, 37, 4) (24, 37, 7) (20, 38, 1) (32, 38, 3) (5, 40, 1) (13, 40, 7)
Queue1 : (33, 24, 2) (40, 29, 4)
Queue2 : (27, 29, 1) (26, 32, 3)
Queue3 : (21, 27, 3) (43, 32, 6)
Queue4 : (37, 26, 2) (48, 32, 2)
Queue5 : (28, 31, 4)

Time: 34
Waiting clients:  (19, 35, 6) (16, 36, 1) (3, 37, 4) (24, 37, 7) (20, 38, 1) (32, 38, 3) (5, 40, 1) (13, 40, 7)
Queue1 : (33, 24, 1) (40, 29, 4)
Queue2 : (26, 32, 3) (4, 34, 7)
Queue3 : (21, 27, 2) (43, 32, 6)
Queue4 : (37, 26, 1) (48, 32, 2)
Queue5 : (28, 31, 3) (49, 34, 3)

Time: 35
Waiting clients:  (16, 36, 1) (3, 37, 4) (24, 37, 7) (20, 38, 1) (32, 38, 3) (5, 40, 1) (13, 40, 7)
Queue1 : (40, 29, 4) (19, 35, 6)
Queue2 : (26, 32, 2) (4, 34, 7)
Queue3 : (21, 27, 1) (43, 32, 6)
Queue4 : (48, 32, 2)
Queue5 : (28, 31, 2) (49, 34, 3)

Time: 36
Waiting clients:  (3, 37, 4) (24, 37, 7) (20, 38, 1) (32, 38, 3) (5, 40, 1) (13, 40, 7)
Queue1 : (40, 29, 3) (19, 35, 6)
Queue2 : (26, 32, 1) (4, 34, 7)
Queue3 : (43, 32, 6) (16, 36, 1)
Queue4 : (48, 32, 1)
Queue5 : (28, 31, 1) (49, 34, 3)

Time: 37
Waiting clients:  (20, 38, 1) (32, 38, 3) (5, 40, 1) (13, 40, 7)
Queue1 : (40, 29, 2) (19, 35, 6)
Queue2 : (4, 34, 7) (24, 37, 7)
Queue3 : (43, 32, 5) (16, 36, 1)
Queue4 : (3, 37, 4)
Queue5 : (49, 34, 3)

Time: 38
Waiting clients:  (5, 40, 1) (13, 40, 7)
Queue1 : (40, 29, 1) (19, 35, 6)
Queue2 : (4, 34, 6) (24, 37, 7)
Queue3 : (43, 32, 4) (16, 36, 1)
Queue4 : (3, 37, 3) (20, 38, 1)
Queue5 : (49, 34, 2) (32, 38, 3)

Time: 39
Waiting clients:  (5, 40, 1) (13, 40, 7)
Queue1 : (19, 35, 6)
Queue2 : (4, 34, 5) (24, 37, 7)
Queue3 : (43, 32, 3) (16, 36, 1)
Queue4 : (3, 37, 2) (20, 38, 1)
Queue5 : (49, 34, 1) (32, 38, 3)

Time: 40
Waiting clients:
Queue1 : (19, 35, 5) (5, 40, 1)
Queue2 : (4, 34, 4) (24, 37, 7)
Queue3 : (43, 32, 2) (16, 36, 1)
Queue4 : (3, 37, 1) (20, 38, 1)
Queue5 : (32, 38, 3) (13, 40, 7)

Time: 41
Waiting clients:
Queue1 : (19, 35, 4) (5, 40, 1)
Queue2 : (4, 34, 3) (24, 37, 7)
Queue3 : (43, 32, 1) (16, 36, 1)
Queue4 : (20, 38, 1)
Queue5 : (32, 38, 2) (13, 40, 7)

Time: 42
Waiting clients:
Queue1 : (19, 35, 3) (5, 40, 1)
Queue2 : (4, 34, 2) (24, 37, 7)
Queue3 : (16, 36, 1)
Queue4 :closed
Queue5 : (32, 38, 1) (13, 40, 7)

Time: 43
Waiting clients:
Queue1 : (19, 35, 2) (5, 40, 1)
Queue2 : (4, 34, 1) (24, 37, 7)
Queue3 :closed
Queue4 :closed
Queue5 : (13, 40, 7)

Time: 44
Waiting clients:
Queue1 : (19, 35, 1) (5, 40, 1)
Queue2 : (24, 37, 7)
Queue3 :closed
Queue4 :closed
Queue5 : (13, 40, 6)

Time: 45
Waiting clients:
Queue1 : (5, 40, 1)
Queue2 : (24, 37, 6)
Queue3 :closed
Queue4 :closed
Queue5 : (13, 40, 5)

Time: 46
Waiting clients:
Queue1 :closed
Queue2 : (24, 37, 5)
Queue3 :closed
Queue4 :closed
Queue5 : (13, 40, 4)

Time: 47
Waiting clients:
Queue1 :closed
Queue2 : (24, 37, 4)
Queue3 :closed
Queue4 :closed
Queue5 : (13, 40, 3)

Time: 48
Waiting clients:
Queue1 :closed
Queue2 : (24, 37, 3)
Queue3 :closed
Queue4 :closed
Queue5 : (13, 40, 2)

Time: 49
Waiting clients:
Queue1 :closed
Queue2 : (24, 37, 2)
Queue3 :closed
Queue4 :closed
Queue5 : (13, 40, 1)

Time: 50
Waiting clients:
Queue1 :closed
Queue2 : (24, 37, 1)
Queue3 :closed
Queue4 :closed
Queue5 :closed

Time: 51
Waiting clients:
Queue1 :closed
Queue2 :closed
Queue3 :closed
Queue4 :closed
Queue5 :closed

Time: 52
Waiting clients:
Queue1 :closed
Queue2 :closed
Queue3 :closed
Queue4 :closed
Queue5 :closed

Time: 53
Waiting clients:
Queue1 :closed
Queue2 :closed
Queue3 :closed
Queue4 :closed
Queue5 :closed

Time: 54
Waiting clients:
Queue1 :closed
Queue2 :closed
Queue3 :closed
Queue4 :closed
Queue5 :closed

Time: 55
Waiting clients:
Queue1 :closed
Queue2 :closed
Queue3 :closed
Queue4 :closed
Queue5 :closed

Time: 56
Waiting clients:
Queue1 :closed
Queue2 :closed
Queue3 :closed
Queue4 :closed
Queue5 :closed

Time: 57
Waiting clients:
Queue1 :closed
Queue2 :closed
Queue3 :closed
Queue4 :closed
Queue5 :closed

Time: 58
Waiting clients:
Queue1 :closed
Queue2 :closed
Queue3 :closed
Queue4 :closed
Queue5 :closed

Time: 59
Waiting clients:
Queue1 :closed
Queue2 :closed
Queue3 :closed
Queue4 :closed
Queue5 :closed

FINAL STATS:
AVerage Waiting Time: 2.66
Average Service Time: 4.12
Peak Hour: 16
