Time: 0
Waiting clients: (27, 2, 2)(46, 2, 7)(16, 3, 7)(42, 3, 3)(21, 4, 5)(35, 4, 7)(41, 4, 3)(18, 5, 3)(44, 5, 7)(38, 6, 5)(48, 7, 4)(47, 9, 4)(49, 9, 3)(25, 10, 2)(34, 10, 6)(50, 12, 1)(26, 13, 3)(39, 14, 6)(6, 15, 4)(12, 15, 1)(11, 16, 7)(31, 18, 6)(37, 18, 6)(20, 19, 2)(23, 20, 5)(30, 21, 1)(10, 25, 2)(29, 26, 3)(8, 27, 5)(14, 27, 1)(32, 27, 4)(33, 27, 2)(4, 29, 6)(9, 29, 7)(45, 29, 6)(28, 31, 1)(7, 33, 2)(1, 34, 5)(36, 35, 4)(5, 36, 2)(13, 36, 7)(15, 36, 5)(43, 36, 7)(2, 37, 6)(17, 37, 2)(22, 37, 1)(40, 37, 5)(24, 38, 2)(3, 39, 2)(19, 40, 1)
Queue1 :closed
Queue2 :closed
Queue3 :closed
Queue4 :closed
Queue5 :closed

Time: 1
Waiting clients: (27, 2, 2)(46, 2, 7)(16, 3, 7)(42, 3, 3)(21, 4, 5)(35, 4, 7)(41, 4, 3)(18, 5, 3)(44, 5, 7)(38, 6, 5)(48, 7, 4)(47, 9, 4)(49, 9, 3)(25, 10, 2)(34, 10, 6)(50, 12, 1)(26, 13, 3)(39, 14, 6)(6, 15, 4)(12, 15, 1)(11, 16, 7)(31, 18, 6)(37, 18, 6)(20, 19, 2)(23, 20, 5)(30, 21, 1)(10, 25, 2)(29, 26, 3)(8, 27, 5)(14, 27, 1)(32, 27, 4)(33, 27, 2)(4, 29, 6)(9, 29, 7)(45, 29, 6)(28, 31, 1)(7, 33, 2)(1, 34, 5)(36, 35, 4)(5, 36, 2)(13, 36, 7)(15, 36, 5)(43, 36, 7)(2, 37, 6)(17, 37, 2)(22, 37, 1)(40, 37, 5)(24, 38, 2)(3, 39, 2)(19, 40, 1)
Queue1 :closed
Queue2 :closed
Queue3 :closed
Queue4 :closed
Queue5 :closed

Time: 2
Waiting clients: (16, 3, 7)(42, 3, 3)(21, 4, 5)(35, 4, 7)(41, 4, 3)(18, 5, 3)(44, 5, 7)(38, 6, 5)(48, 7, 4)(47, 9, 4)(49, 9, 3)(25, 10, 2)(34, 10, 6)(50, 12, 1)(26, 13, 3)(39, 14, 6)(6, 15, 4)(12, 15, 1)(11, 16, 7)(31, 18, 6)(37, 18, 6)(20, 19, 2)(23, 20, 5)(30, 21, 1)(10, 25, 2)(29, 26, 3)(8, 27, 5)(14, 27, 1)(32, 27, 4)(33, 27, 2)(4, 29, 6)(9, 29, 7)(45, 29, 6)(28, 31, 1)(7, 33, 2)(1, 34, 5)(36, 35, 4)(5, 36, 2)(13, 36, 7)(15, 36, 5)(43, 36, 7)(2, 37, 6)(17, 37, 2)(22, 37, 1)(40, 37, 5)(24, 38, 2)(3, 39, 2)(19, 40, 1)
Queue1 : (27, 2, 2)
Queue2 : (46, 2, 7)
Queue3 :closed
Queue4 :closed
Queue5 :closed

Time: 3
Waiting clients: (21, 4, 5)(35, 4, 7)(41, 4, 3)(18, 5, 3)(44, 5, 7)(38, 6, 5)(48, 7, 4)(47, 9, 4)(49, 9, 3)(25, 10, 2)(34, 10, 6)(50, 12, 1)(26, 13, 3)(39, 14, 6)(6, 15, 4)(12, 15, 1)(11, 16, 7)(31, 18, 6)(37, 18, 6)(20, 19, 2)(23, 20, 5)(30, 21, 1)(10, 25, 2)(29, 26, 3)(8, 27, 5)(14, 27, 1)(32, 27, 4)(33, 27, 2)(4, 29, 6)(9, 29, 7)(45, 29, 6)(28, 31, 1)(7, 33, 2)(1, 34, 5)(36, 35, 4)(5, 36, 2)(13, 36, 7)(15, 36, 5)(43, 36, 7)(2, 37, 6)(17, 37, 2)(22, 37, 1)(40, 37, 5)(24, 38, 2)(3, 39, 2)(19, 40, 1)
Queue1 : (27, 2, 1)
Queue2 : (46, 2, 6)
Queue3 : (16, 3, 7)
Queue4 : (42, 3, 3)
Queue5 :closed

Time: 4
Waiting clients: (18, 5, 3)(44, 5, 7)(38, 6, 5)(48, 7, 4)(47, 9, 4)(49, 9, 3)(25, 10, 2)(34, 10, 6)(50, 12, 1)(26, 13, 3)(39, 14, 6)(6, 15, 4)(12, 15, 1)(11, 16, 7)(31, 18, 6)(37, 18, 6)(20, 19, 2)(23, 20, 5)(30, 21, 1)(10, 25, 2)(29, 26, 3)(8, 27, 5)(14, 27, 1)(32, 27, 4)(33, 27, 2)(4, 29, 6)(9, 29, 7)(45, 29, 6)(28, 31, 1)(7, 33, 2)(1, 34, 5)(36, 35, 4)(5, 36, 2)(13, 36, 7)(15, 36, 5)(43, 36, 7)(2, 37, 6)(17, 37, 2)(22, 37, 1)(40, 37, 5)(24, 38, 2)(3, 39, 2)(19, 40, 1)
Queue1 : (21, 4, 5)
Queue2 : (46, 2, 5)
Queue3 : (16, 3, 6)
Queue4 : (42, 3, 2) (41, 4, 3)
Queue5 : (35, 4, 7)

Time: 5
Waiting clients: (38, 6, 5)(48, 7, 4)(47, 9, 4)(49, 9, 3)(25, 10, 2)(34, 10, 6)(50, 12, 1)(26, 13, 3)(39, 14, 6)(6, 15, 4)(12, 15, 1)(11, 16, 7)(31, 18, 6)(37, 18, 6)(20, 19, 2)(23, 20, 5)(30, 21, 1)(10, 25, 2)(29, 26, 3)(8, 27, 5)(14, 27, 1)(32, 27, 4)(33, 27, 2)(4, 29, 6)(9, 29, 7)(45, 29, 6)(28, 31, 1)(7, 33, 2)(1, 34, 5)(36, 35, 4)(5, 36, 2)(13, 36, 7)(15, 36, 5)(43, 36, 7)(2, 37, 6)(17, 37, 2)(22, 37, 1)(40, 37, 5)(24, 38, 2)(3, 39, 2)(19, 40, 1)
Queue1 : (21, 4, 4) (18, 5, 3)
Queue2 : (46, 2, 4) (44, 5, 7)
Queue3 : (16, 3, 5)
Queue4 : (42, 3, 1) (41, 4, 3)
Queue5 : (35, 4, 6)

Time: 6
Waiting clients: (48, 7, 4)(47, 9, 4)(49, 9, 3)(25, 10, 2)(34, 10, 6)(50, 12, 1)(26, 13, 3)(39, 14, 6)(6, 15, 4)(12, 15, 1)(11, 16, 7)(31, 18, 6)(37, 18, 6)(20, 19, 2)(23, 20, 5)(30, 21, 1)(10, 25, 2)(29, 26, 3)(8, 27, 5)(14, 27, 1)(32, 27, 4)(33, 27, 2)(4, 29, 6)(9, 29, 7)(45, 29, 6)(28, 31, 1)(7, 33, 2)(1, 34, 5)(36, 35, 4)(5, 36, 2)(13, 36, 7)(15, 36, 5)(43, 36, 7)(2, 37, 6)(17, 37, 2)(22, 37, 1)(40, 37, 5)(24, 38, 2)(3, 39, 2)(19, 40, 1)
Queue1 : (21, 4, 3) (18, 5, 3)
Queue2 : (46, 2, 3) (44, 5, 7)
Queue3 : (16, 3, 4)
Queue4 : (41, 4, 3) (38, 6, 5)
Queue5 : (35, 4, 5)

Time: 7
Waiting clients: (47, 9, 4)(49, 9, 3)(25, 10, 2)(34, 10, 6)(50, 12, 1)(26, 13, 3)(39, 14, 6)(6, 15, 4)(12, 15, 1)(11, 16, 7)(31, 18, 6)(37, 18, 6)(20, 19, 2)(23, 20, 5)(30, 21, 1)(10, 25, 2)(29, 26, 3)(8, 27, 5)(14, 27, 1)(32, 27, 4)(33, 27, 2)(4, 29, 6)(9, 29, 7)(45, 29, 6)(28, 31, 1)(7, 33, 2)(1, 34, 5)(36, 35, 4)(5, 36, 2)(13, 36, 7)(15, 36, 5)(43, 36, 7)(2, 37, 6)(17, 37, 2)(22, 37, 1)(40, 37, 5)(24, 38, 2)(3, 39, 2)(19, 40, 1)
Queue1 : (21, 4, 2) (18, 5, 3)
Queue2 : (46, 2, 2) (44, 5, 7)
Queue3 : (16, 3, 3) (48, 7, 4)
Queue4 : (41, 4, 2) (38, 6, 5)
Queue5 : (35, 4, 4)

Time: 8
Waiting clients: (47, 9, 4)(49, 9, 3)(25, 10, 2)(34, 10, 6)(50, 12, 1)(26, 13, 3)(39, 14, 6)(6, 15, 4)(12, 15, 1)(11, 16, 7)(31, 18, 6)(37, 18, 6)(20, 19, 2)(23, 20, 5)(30, 21, 1)(10, 25, 2)(29, 26, 3)(8, 27, 5)(14, 27, 1)(32, 27, 4)(33, 27, 2)(4, 29, 6)(9, 29, 7)(45, 29, 6)(28, 31, 1)(7, 33, 2)(1, 34, 5)(36, 35, 4)(5, 36, 2)(13, 36, 7)(15, 36, 5)(43, 36, 7)(2, 37, 6)(17, 37, 2)(22, 37, 1)(40, 37, 5)(24, 38, 2)(3, 39, 2)(19, 40, 1)
Queue1 : (21, 4, 1) (18, 5, 3)
Queue2 : (46, 2, 1) (44, 5, 7)
Queue3 : (16, 3, 2) (48, 7, 4)
Queue4 : (41, 4, 1) (38, 6, 5)
Queue5 : (35, 4, 3)

Time: 9
Waiting clients: (25, 10, 2)(34, 10, 6)(50, 12, 1)(26, 13, 3)(39, 14, 6)(6, 15, 4)(12, 15, 1)(11, 16, 7)(31, 18, 6)(37, 18, 6)(20, 19, 2)(23, 20, 5)(30, 21, 1)(10, 25, 2)(29, 26, 3)(8, 27, 5)(14, 27, 1)(32, 27, 4)(33, 27, 2)(4, 29, 6)(9, 29, 7)(45, 29, 6)(28, 31, 1)(7, 33, 2)(1, 34, 5)(36, 35, 4)(5, 36, 2)(13, 36, 7)(15, 36, 5)(43, 36, 7)(2, 37, 6)(17, 37, 2)(22, 37, 1)(40, 37, 5)(24, 38, 2)(3, 39, 2)(19, 40, 1)
Queue1 : (18, 5, 3) (49, 9, 3)
Queue2 : (44, 5, 7)
Queue3 : (16, 3, 1) (48, 7, 4)
Queue4 : (38, 6, 5)
Queue5 : (35, 4, 2) (47, 9, 4)

Time: 10
Waiting clients: (50, 12, 1)(26, 13, 3)(39, 14, 6)(6, 15, 4)(12, 15, 1)(11, 16, 7)(31, 18, 6)(37, 18, 6)(20, 19, 2)(23, 20, 5)(30, 21, 1)(10, 25, 2)(29, 26, 3)(8, 27, 5)(14, 27, 1)(32, 27, 4)(33, 27, 2)(4, 29, 6)(9, 29, 7)(45, 29, 6)(28, 31, 1)(7, 33, 2)(1, 34, 5)(36, 35, 4)(5, 36, 2)(13, 36, 7)(15, 36, 5)(43, 36, 7)(2, 37, 6)(17, 37, 2)(22, 37, 1)(40, 37, 5)(24, 38, 2)(3, 39, 2)(19, 40, 1)
Queue1 : (18, 5, 2) (49, 9, 3)
Queue2 : (44, 5, 6)
Queue3 : (48, 7, 4) (25, 10, 2)
Queue4 : (38, 6, 4) (34, 10, 6)
Queue5 : (35, 4, 1) (47, 9, 4)

Time: 11
Waiting clients: (50, 12, 1)(26, 13, 3)(39, 14, 6)(6, 15, 4)(12, 15, 1)(11, 16, 7)(31, 18, 6)(37, 18, 6)(20, 19, 2)(23, 20, 5)(30, 21, 1)(10, 25, 2)(29, 26, 3)(8, 27, 5)(14, 27, 1)(32, 27, 4)(33, 27, 2)(4, 29, 6)(9, 29, 7)(45, 29, 6)(28, 31, 1)(7, 33, 2)(1, 34, 5)(36, 35, 4)(5, 36, 2)(13, 36, 7)(15, 36, 5)(43, 36, 7)(2, 37, 6)(17, 37, 2)(22, 37, 1)(40, 37, 5)(24, 38, 2)(3, 39, 2)(19, 40, 1)
Queue1 : (18, 5, 1) (49, 9, 3)
Queue2 : (44, 5, 5)
Queue3 : (48, 7, 3) (25, 10, 2)
Queue4 : (38, 6, 3) (34, 10, 6)
Queue5 : (47, 9, 4)

Time: 12
Waiting clients: (26, 13, 3)(39, 14, 6)(6, 15, 4)(12, 15, 1)(11, 16, 7)(31, 18, 6)(37, 18, 6)(20, 19, 2)(23, 20, 5)(30, 21, 1)(10, 25, 2)(29, 26, 3)(8, 27, 5)(14, 27, 1)(32, 27, 4)(33, 27, 2)(4, 29, 6)(9, 29, 7)(45, 29, 6)(28, 31, 1)(7, 33, 2)(1, 34, 5)(36, 35, 4)(5, 36, 2)(13, 36, 7)(15, 36, 5)(43, 36, 7)(2, 37, 6)(17, 37, 2)(22, 37, 1)(40, 37, 5)(24, 38, 2)(3, 39, 2)(19, 40, 1)
Queue1 : (49, 9, 3) (50, 12, 1)
Queue2 : (44, 5, 4)
Queue3 : (48, 7, 2) (25, 10, 2)
Queue4 : (38, 6, 2) (34, 10, 6)
Queue5 : (47, 9, 3)

Time: 13
Waiting clients: (39, 14, 6)(6, 15, 4)(12, 15, 1)(11, 16, 7)(31, 18, 6)(37, 18, 6)(20, 19, 2)(23, 20, 5)(30, 21, 1)(10, 25, 2)(29, 26, 3)(8, 27, 5)(14, 27, 1)(32, 27, 4)(33, 27, 2)(4, 29, 6)(9, 29, 7)(45, 29, 6)(28, 31, 1)(7, 33, 2)(1, 34, 5)(36, 35, 4)(5, 36, 2)(13, 36, 7)(15, 36, 5)(43, 36, 7)(2, 37, 6)(17, 37, 2)(22, 37, 1)(40, 37, 5)(24, 38, 2)(3, 39, 2)(19, 40, 1)
Queue1 : (49, 9, 2) (50, 12, 1)
Queue2 : (44, 5, 3)
Queue3 : (48, 7, 1) (25, 10, 2)
Queue4 : (38, 6, 1) (34, 10, 6)
Queue5 : (47, 9, 2) (26, 13, 3)

Time: 14
Waiting clients: (6, 15, 4)(12, 15, 1)(11, 16, 7)(31, 18, 6)(37, 18, 6)(20, 19, 2)(23, 20, 5)(30, 21, 1)(10, 25, 2)(29, 26, 3)(8, 27, 5)(14, 27, 1)(32, 27, 4)(33, 27, 2)(4, 29, 6)(9, 29, 7)(45, 29, 6)(28, 31, 1)(7, 33, 2)(1, 34, 5)(36, 35, 4)(5, 36, 2)(13, 36, 7)(15, 36, 5)(43, 36, 7)(2, 37, 6)(17, 37, 2)(22, 37, 1)(40, 37, 5)(24, 38, 2)(3, 39, 2)(19, 40, 1)
Queue1 : (49, 9, 1) (50, 12, 1) (39, 14, 6)
Queue2 : (44, 5, 2)
Queue3 : (25, 10, 2)
Queue4 : (34, 10, 6)
Queue5 : (47, 9, 1) (26, 13, 3)

Time: 15
Waiting clients: (11, 16, 7)(31, 18, 6)(37, 18, 6)(20, 19, 2)(23, 20, 5)(30, 21, 1)(10, 25, 2)(29, 26, 3)(8, 27, 5)(14, 27, 1)(32, 27, 4)(33, 27, 2)(4, 29, 6)(9, 29, 7)(45, 29, 6)(28, 31, 1)(7, 33, 2)(1, 34, 5)(36, 35, 4)(5, 36, 2)(13, 36, 7)(15, 36, 5)(43, 36, 7)(2, 37, 6)(17, 37, 2)(22, 37, 1)(40, 37, 5)(24, 38, 2)(3, 39, 2)(19, 40, 1)
Queue1 : (50, 12, 1) (39, 14, 6)
Queue2 : (44, 5, 1) (6, 15, 4)
Queue3 : (25, 10, 1) (12, 15, 1)
Queue4 : (34, 10, 5)
Queue5 : (26, 13, 3)

Time: 16
Waiting clients: (31, 18, 6)(37, 18, 6)(20, 19, 2)(23, 20, 5)(30, 21, 1)(10, 25, 2)(29, 26, 3)(8, 27, 5)(14, 27, 1)(32, 27, 4)(33, 27, 2)(4, 29, 6)(9, 29, 7)(45, 29, 6)(28, 31, 1)(7, 33, 2)(1, 34, 5)(36, 35, 4)(5, 36, 2)(13, 36, 7)(15, 36, 5)(43, 36, 7)(2, 37, 6)(17, 37, 2)(22, 37, 1)(40, 37, 5)(24, 38, 2)(3, 39, 2)(19, 40, 1)
Queue1 : (39, 14, 6)
Queue2 : (6, 15, 4)
Queue3 : (12, 15, 1) (11, 16, 7)
Queue4 : (34, 10, 4)
Queue5 : (26, 13, 2)

Time: 17
Waiting clients: (31, 18, 6)(37, 18, 6)(20, 19, 2)(23, 20, 5)(30, 21, 1)(10, 25, 2)(29, 26, 3)(8, 27, 5)(14, 27, 1)(32, 27, 4)(33, 27, 2)(4, 29, 6)(9, 29, 7)(45, 29, 6)(28, 31, 1)(7, 33, 2)(1, 34, 5)(36, 35, 4)(5, 36, 2)(13, 36, 7)(15, 36, 5)(43, 36, 7)(2, 37, 6)(17, 37, 2)(22, 37, 1)(40, 37, 5)(24, 38, 2)(3, 39, 2)(19, 40, 1)
Queue1 : (39, 14, 5)
Queue2 : (6, 15, 3)
Queue3 : (11, 16, 7)
Queue4 : (34, 10, 3)
Queue5 : (26, 13, 1)

Time: 18
Waiting clients: (20, 19, 2)(23, 20, 5)(30, 21, 1)(10, 25, 2)(29, 26, 3)(8, 27, 5)(14, 27, 1)(32, 27, 4)(33, 27, 2)(4, 29, 6)(9, 29, 7)(45, 29, 6)(28, 31, 1)(7, 33, 2)(1, 34, 5)(36, 35, 4)(5, 36, 2)(13, 36, 7)(15, 36, 5)(43, 36, 7)(2, 37, 6)(17, 37, 2)(22, 37, 1)(40, 37, 5)(24, 38, 2)(3, 39, 2)(19, 40, 1)
Queue1 : (39, 14, 4)
Queue2 : (6, 15, 2) (37, 18, 6)
Queue3 : (11, 16, 6)
Queue4 : (34, 10, 2)
Queue5 : (31, 18, 6)

Time: 19
Waiting clients: (23, 20, 5)(30, 21, 1)(10, 25, 2)(29, 26, 3)(8, 27, 5)(14, 27, 1)(32, 27, 4)(33, 27, 2)(4, 29, 6)(9, 29, 7)(45, 29, 6)(28, 31, 1)(7, 33, 2)(1, 34, 5)(36, 35, 4)(5, 36, 2)(13, 36, 7)(15, 36, 5)(43, 36, 7)(2, 37, 6)(17, 37, 2)(22, 37, 1)(40, 37, 5)(24, 38, 2)(3, 39, 2)(19, 40, 1)
Queue1 : (39, 14, 3)
Queue2 : (6, 15, 1) (37, 18, 6)
Queue3 : (11, 16, 5)
Queue4 : (34, 10, 1) (20, 19, 2)
Queue5 : (31, 18, 5)

Time: 20
Waiting clients: (30, 21, 1)(10, 25, 2)(29, 26, 3)(8, 27, 5)(14, 27, 1)(32, 27, 4)(33, 27, 2)(4, 29, 6)(9, 29, 7)(45, 29, 6)(28, 31, 1)(7, 33, 2)(1, 34, 5)(36, 35, 4)(5, 36, 2)(13, 36, 7)(15, 36, 5)(43, 36, 7)(2, 37, 6)(17, 37, 2)(22, 37, 1)(40, 37, 5)(24, 38, 2)(3, 39, 2)(19, 40, 1)
Queue1 : (39, 14, 2) (23, 20, 5)
Queue2 : (37, 18, 6)
Queue3 : (11, 16, 4)
Queue4 : (20, 19, 2)
Queue5 : (31, 18, 4)

Time: 21
Waiting clients: (10, 25, 2)(29, 26, 3)(8, 27, 5)(14, 27, 1)(32, 27, 4)(33, 27, 2)(4, 29, 6)(9, 29, 7)(45, 29, 6)(28, 31, 1)(7, 33, 2)(1, 34, 5)(36, 35, 4)(5, 36, 2)(13, 36, 7)(15, 36, 5)(43, 36, 7)(2, 37, 6)(17, 37, 2)(22, 37, 1)(40, 37, 5)(24, 38, 2)(3, 39, 2)(19, 40, 1)
Queue1 : (39, 14, 1) (23, 20, 5)
Queue2 : (37, 18, 5)
Queue3 : (11, 16, 3)
Queue4 : (20, 19, 1) (30, 21, 1)
Queue5 : (31, 18, 3)

Time: 22
Waiting clients: (10, 25, 2)(29, 26, 3)(8, 27, 5)(14, 27, 1)(32, 27, 4)(33, 27, 2)(4, 29, 6)(9, 29, 7)(45, 29, 6)(28, 31, 1)(7, 33, 2)(1, 34, 5)(36, 35, 4)(5, 36, 2)(13, 36, 7)(15, 36, 5)(43, 36, 7)(2, 37, 6)(17, 37, 2)(22, 37, 1)(40, 37, 5)(24, 38, 2)(3, 39, 2)(19, 40, 1)
Queue1 : (23, 20, 5)
Queue2 : (37, 18, 4)
Queue3 : (11, 16, 2)
Queue4 : (30, 21, 1)
Queue5 : (31, 18, 2)

Time: 23
Waiting clients: (10, 25, 2)(29, 26, 3)(8, 27, 5)(14, 27, 1)(32, 27, 4)(33, 27, 2)(4, 29, 6)(9, 29, 7)(45, 29, 6)(28, 31, 1)(7, 33, 2)(1, 34, 5)(36, 35, 4)(5, 36, 2)(13, 36, 7)(15, 36, 5)(43, 36, 7)(2, 37, 6)(17, 37, 2)(22, 37, 1)(40, 37, 5)(24, 38, 2)(3, 39, 2)(19, 40, 1)
Queue1 : (23, 20, 4)
Queue2 : (37, 18, 3)
Queue3 : (11, 16, 1)
Queue4 :closed
Queue5 : (31, 18, 1)

Time: 24
Waiting clients: (10, 25, 2)(29, 26, 3)(8, 27, 5)(14, 27, 1)(32, 27, 4)(33, 27, 2)(4, 29, 6)(9, 29, 7)(45, 29, 6)(28, 31, 1)(7, 33, 2)(1, 34, 5)(36, 35, 4)(5, 36, 2)(13, 36, 7)(15, 36, 5)(43, 36, 7)(2, 37, 6)(17, 37, 2)(22, 37, 1)(40, 37, 5)(24, 38, 2)(3, 39, 2)(19, 40, 1)
Queue1 : (23, 20, 3)
Queue2 : (37, 18, 2)
Queue3 :closed
Queue4 :closed
Queue5 :closed

Time: 25
Waiting clients: (29, 26, 3)(8, 27, 5)(14, 27, 1)(32, 27, 4)(33, 27, 2)(4, 29, 6)(9, 29, 7)(45, 29, 6)(28, 31, 1)(7, 33, 2)(1, 34, 5)(36, 35, 4)(5, 36, 2)(13, 36, 7)(15, 36, 5)(43, 36, 7)(2, 37, 6)(17, 37, 2)(22, 37, 1)(40, 37, 5)(24, 38, 2)(3, 39, 2)(19, 40, 1)
Queue1 : (23, 20, 2)
Queue2 : (37, 18, 1)
Queue3 : (10, 25, 2)
Queue4 :closed
Queue5 :closed

Time: 26
Waiting clients: (8, 27, 5)(14, 27, 1)(32, 27, 4)(33, 27, 2)(4, 29, 6)(9, 29, 7)(45, 29, 6)(28, 31, 1)(7, 33, 2)(1, 34, 5)(36, 35, 4)(5, 36, 2)(13, 36, 7)(15, 36, 5)(43, 36, 7)(2, 37, 6)(17, 37, 2)(22, 37, 1)(40, 37, 5)(24, 38, 2)(3, 39, 2)(19, 40, 1)
Queue1 : (23, 20, 1)
Queue2 : (29, 26, 3)
Queue3 : (10, 25, 1)
Queue4 :closed
Queue5 :closed

Time: 27
Waiting clients: (4, 29, 6)(9, 29, 7)(45, 29, 6)(28, 31, 1)(7, 33, 2)(1, 34, 5)(36, 35, 4)(5, 36, 2)(13, 36, 7)(15, 36, 5)(43, 36, 7)(2, 37, 6)(17, 37, 2)(22, 37, 1)(40, 37, 5)(24, 38, 2)(3, 39, 2)(19, 40, 1)
Queue1 : (8, 27, 5)
Queue2 : (29, 26, 2)
Queue3 : (14, 27, 1)
Queue4 : (32, 27, 4)
Queue5 : (33, 27, 2)

Time: 28
Waiting clients: (4, 29, 6)(9, 29, 7)(45, 29, 6)(28, 31, 1)(7, 33, 2)(1, 34, 5)(36, 35, 4)(5, 36, 2)(13, 36, 7)(15, 36, 5)(43, 36, 7)(2, 37, 6)(17, 37, 2)(22, 37, 1)(40, 37, 5)(24, 38, 2)(3, 39, 2)(19, 40, 1)
Queue1 : (8, 27, 4)
Queue2 : (29, 26, 1)
Queue3 :closed
Queue4 : (32, 27, 3)
Queue5 : (33, 27, 1)

Time: 29
Waiting clients: (28, 31, 1)(7, 33, 2)(1, 34, 5)(36, 35, 4)(5, 36, 2)(13, 36, 7)(15, 36, 5)(43, 36, 7)(2, 37, 6)(17, 37, 2)(22, 37, 1)(40, 37, 5)(24, 38, 2)(3, 39, 2)(19, 40, 1)
Queue1 : (8, 27, 3)
Queue2 : (4, 29, 6)
Queue3 : (9, 29, 7)
Queue4 : (32, 27, 2)
Queue5 : (45, 29, 6)

Time: 30
Waiting clients: (28, 31, 1)(7, 33, 2)(1, 34, 5)(36, 35, 4)(5, 36, 2)(13, 36, 7)(15, 36, 5)(43, 36, 7)(2, 37, 6)(17, 37, 2)(22, 37, 1)(40, 37, 5)(24, 38, 2)(3, 39, 2)(19, 40, 1)
Queue1 : (8, 27, 2)
Queue2 : (4, 29, 5)
Queue3 : (9, 29, 6)
Queue4 : (32, 27, 1)
Queue5 : (45, 29, 5)

Time: 31
Waiting clients: (7, 33, 2)(1, 34, 5)(36, 35, 4)(5, 36, 2)(13, 36, 7)(15, 36, 5)(43, 36, 7)(2, 37, 6)(17, 37, 2)(22, 37, 1)(40, 37, 5)(24, 38, 2)(3, 39, 2)(19, 40, 1)
Queue1 : (8, 27, 1)
Queue2 : (4, 29, 4)
Queue3 : (9, 29, 5)
Queue4 : (28, 31, 1)
Queue5 : (45, 29, 4)

Time: 32
Waiting clients: (7, 33, 2)(1, 34, 5)(36, 35, 4)(5, 36, 2)(13, 36, 7)(15, 36, 5)(43, 36, 7)(2, 37, 6)(17, 37, 2)(22, 37, 1)(40, 37, 5)(24, 38, 2)(3, 39, 2)(19, 40, 1)
Queue1 :closed
Queue2 : (4, 29, 3)
Queue3 : (9, 29, 4)
Queue4 :closed
Queue5 : (45, 29, 3)

Time: 33
Waiting clients: (1, 34, 5)(36, 35, 4)(5, 36, 2)(13, 36, 7)(15, 36, 5)(43, 36, 7)(2, 37, 6)(17, 37, 2)(22, 37, 1)(40, 37, 5)(24, 38, 2)(3, 39, 2)(19, 40, 1)
Queue1 : (7, 33, 2)
Queue2 : (4, 29, 2)
Queue3 : (9, 29, 3)
Queue4 :closed
Queue5 : (45, 29, 2)

Time: 34
Waiting clients: (36, 35, 4)(5, 36, 2)(13, 36, 7)(15, 36, 5)(43, 36, 7)(2, 37, 6)(17, 37, 2)(22, 37, 1)(40, 37, 5)(24, 38, 2)(3, 39, 2)(19, 40, 1)
Queue1 : (7, 33, 1)
Queue2 : (4, 29, 1)
Queue3 : (9, 29, 2)
Queue4 : (1, 34, 5)
Queue5 : (45, 29, 1)

Time: 35
Waiting clients: (5, 36, 2)(13, 36, 7)(15, 36, 5)(43, 36, 7)(2, 37, 6)(17, 37, 2)(22, 37, 1)(40, 37, 5)(24, 38, 2)(3, 39, 2)(19, 40, 1)
Queue1 : (36, 35, 4)
Queue2 :closed
Queue3 : (9, 29, 1)
Queue4 : (1, 34, 4)
Queue5 :closed

Time: 36
Waiting clients: (2, 37, 6)(17, 37, 2)(22, 37, 1)(40, 37, 5)(24, 38, 2)(3, 39, 2)(19, 40, 1)
Queue1 : (36, 35, 3)
Queue2 : (5, 36, 2) (43, 36, 7)
Queue3 : (13, 36, 7)
Queue4 : (1, 34, 3)
Queue5 : (15, 36, 5)

Time: 37
Waiting clients: (24, 38, 2)(3, 39, 2)(19, 40, 1)
Queue1 : (36, 35, 2) (2, 37, 6)
Queue2 : (5, 36, 1) (43, 36, 7)
Queue3 : (13, 36, 6)
Queue4 : (1, 34, 2) (17, 37, 2) (22, 37, 1)
Queue5 : (15, 36, 4) (40, 37, 5)

Time: 38
Waiting clients: (3, 39, 2)(19, 40, 1)
Queue1 : (36, 35, 1) (2, 37, 6)
Queue2 : (43, 36, 7)
Queue3 : (13, 36, 5)
Queue4 : (1, 34, 1) (17, 37, 2) (22, 37, 1) (24, 38, 2)
Queue5 : (15, 36, 3) (40, 37, 5)

Time: 39
Waiting clients: (19, 40, 1)
Queue1 : (2, 37, 6)
Queue2 : (43, 36, 6)
Queue3 : (13, 36, 4) (3, 39, 2)
Queue4 : (17, 37, 2) (22, 37, 1) (24, 38, 2)
Queue5 : (15, 36, 2) (40, 37, 5)

Time: 40
Waiting clients: 
Queue1 : (2, 37, 5)
Queue2 : (43, 36, 5)
Queue3 : (13, 36, 3) (3, 39, 2)
Queue4 : (17, 37, 1) (22, 37, 1) (24, 38, 2) (19, 40, 1)
Queue5 : (15, 36, 1) (40, 37, 5)

Time: 41
Waiting clients: 
Queue1 : (2, 37, 4)
Queue2 : (43, 36, 4)
Queue3 : (13, 36, 2) (3, 39, 2)
Queue4 : (22, 37, 1) (24, 38, 2) (19, 40, 1)
Queue5 : (40, 37, 5)

Time: 42
Waiting clients: 
Queue1 : (2, 37, 3)
Queue2 : (43, 36, 3)
Queue3 : (13, 36, 1) (3, 39, 2)
Queue4 : (24, 38, 2) (19, 40, 1)
Queue5 : (40, 37, 4)

Time: 43
Waiting clients: 
Queue1 : (2, 37, 2)
Queue2 : (43, 36, 2)
Queue3 : (3, 39, 2)
Queue4 : (24, 38, 1) (19, 40, 1)
Queue5 : (40, 37, 3)

Time: 44
Waiting clients: 
Queue1 : (2, 37, 1)
Queue2 : (43, 36, 1)
Queue3 : (3, 39, 1)
Queue4 : (19, 40, 1)
Queue5 : (40, 37, 2)

Time: 45
Waiting clients: 
Queue1 :closed
Queue2 :closed
Queue3 :closed
Queue4 :closed
Queue5 : (40, 37, 1)

Time: 46
Waiting clients: 
Queue1 :closed
Queue2 :closed
Queue3 :closed
Queue4 :closed
Queue5 :closed

Time: 47
Waiting clients: 
Queue1 :closed
Queue2 :closed
Queue3 :closed
Queue4 :closed
Queue5 :closed

Time: 48
Waiting clients: 
Queue1 :closed
Queue2 :closed
Queue3 :closed
Queue4 :closed
Queue5 :closed

Time: 49
Waiting clients: 
Queue1 :closed
Queue2 :closed
Queue3 :closed
Queue4 :closed
Queue5 :closed

Time: 50
Waiting clients: 
Queue1 :closed
Queue2 :closed
Queue3 :closed
Queue4 :closed
Queue5 :closed

Time: 51
Waiting clients: 
Queue1 :closed
Queue2 :closed
Queue3 :closed
Queue4 :closed
Queue5 :closed

Time: 52
Waiting clients: 
Queue1 :closed
Queue2 :closed
Queue3 :closed
Queue4 :closed
Queue5 :closed

Time: 53
Waiting clients: 
Queue1 :closed
Queue2 :closed
Queue3 :closed
Queue4 :closed
Queue5 :closed

Time: 54
Waiting clients: 
Queue1 :closed
Queue2 :closed
Queue3 :closed
Queue4 :closed
Queue5 :closed

Time: 55
Waiting clients: 
Queue1 :closed
Queue2 :closed
Queue3 :closed
Queue4 :closed
Queue5 :closed

Time: 56
Waiting clients: 
Queue1 :closed
Queue2 :closed
Queue3 :closed
Queue4 :closed
Queue5 :closed

Time: 57
Waiting clients: 
Queue1 :closed
Queue2 :closed
Queue3 :closed
Queue4 :closed
Queue5 :closed

Time: 58
Waiting clients: 
Queue1 :closed
Queue2 :closed
Queue3 :closed
Queue4 :closed
Queue5 :closed

Time: 59
Waiting clients: 
Queue1 :closed
Queue2 :closed
Queue3 :closed
Queue4 :closed
Queue5 :closed

Average Waiting Time: 2.42
Peak Hour: 37
Average Service Time: 3.96
