Time: 0
Waiting clients:  (31, 2, 9) (69, 2, 6) (35, 3, 4) (95, 3, 6) (12, 4, 6) (25, 4, 8) (5, 5, 6) (8, 5, 10) (45, 5, 9) (71, 7, 7) (82, 9, 6) (83, 9, 10) (2, 10, 2) (19, 11, 7) (15, 12, 7) (76, 12, 8) (80, 12, 4) (63, 13, 5) (91, 14, 8) (59, 15, 6) (46, 16, 5) (92, 18, 10) (100, 19, 2) (57, 20, 6) (87, 21, 3) (26, 24, 5) (77, 24, 3) (17, 25, 5) (18, 25, 9) (66, 26, 5) (7, 27, 2) (64, 27, 3) (79, 27, 7) (84, 27, 9) (93, 27, 3) (40, 30, 7) (97, 31, 7) (98, 31, 8) (42, 33, 9) (37, 35, 6) (11, 36, 10) (3, 38, 3) (30, 38, 7) (47, 38, 2) (10, 39, 7) (22, 39, 6) (90, 39, 7) (62, 40, 5) (9, 41, 8) (56, 44, 5) (4, 45, 3) (34, 45, 3) (74, 45, 5) (67, 46, 10) (1, 47, 6) (23, 47, 3) (52, 47, 6) (85, 47, 8) (39, 48, 4) (36, 52, 10) (14, 53, 8) (81, 54, 6) (58, 55, 7) (99, 55, 3) (65, 56, 6) (13, 57, 4) (89, 57, 3) (16, 58, 6) (70, 59, 3) (38, 60, 3) (43, 62, 4) (44, 62, 5) (86, 62, 6) (28, 63, 7) (96, 63, 3) (78, 64, 6) (49, 65, 7) (55, 65, 5) (73, 66, 9) (51, 67, 5) (53, 69, 6) (27, 70, 10) (68, 70, 3) (72, 70, 5) (60, 71, 5) (24, 72, 4) (48, 72, 8) (61, 72, 4) (6, 73, 4) (21, 74, 6) (41, 75, 3) (29, 76, 2) (50, 76, 6) (54, 76, 6) (75, 77, 8) (32, 78, 4) (33, 78, 4) (94, 78, 2) (20, 79, 6) (88, 79, 3)
Queue1 :closed
Queue2 :closed
Queue3 :closed
Queue4 :closed

Time: 1
Waiting clients:  (31, 2, 9) (69, 2, 6) (35, 3, 4) (95, 3, 6) (12, 4, 6) (25, 4, 8) (5, 5, 6) (8, 5, 10) (45, 5, 9) (71, 7, 7) (82, 9, 6) (83, 9, 10) (2, 10, 2) (19, 11, 7) (15, 12, 7) (76, 12, 8) (80, 12, 4) (63, 13, 5) (91, 14, 8) (59, 15, 6) (46, 16, 5) (92, 18, 10) (100, 19, 2) (57, 20, 6) (87, 21, 3) (26, 24, 5) (77, 24, 3) (17, 25, 5) (18, 25, 9) (66, 26, 5) (7, 27, 2) (64, 27, 3) (79, 27, 7) (84, 27, 9) (93, 27, 3) (40, 30, 7) (97, 31, 7) (98, 31, 8) (42, 33, 9) (37, 35, 6) (11, 36, 10) (3, 38, 3) (30, 38, 7) (47, 38, 2) (10, 39, 7) (22, 39, 6) (90, 39, 7) (62, 40, 5) (9, 41, 8) (56, 44, 5) (4, 45, 3) (34, 45, 3) (74, 45, 5) (67, 46, 10) (1, 47, 6) (23, 47, 3) (52, 47, 6) (85, 47, 8) (39, 48, 4) (36, 52, 10) (14, 53, 8) (81, 54, 6) (58, 55, 7) (99, 55, 3) (65, 56, 6) (13, 57, 4) (89, 57, 3) (16, 58, 6) (70, 59, 3) (38, 60, 3) (43, 62, 4) (44, 62, 5) (86, 62, 6) (28, 63, 7) (96, 63, 3) (78, 64, 6) (49, 65, 7) (55, 65, 5) (73, 66, 9) (51, 67, 5) (53, 69, 6) (27, 70, 10) (68, 70, 3) (72, 70, 5) (60, 71, 5) (24, 72, 4) (48, 72, 8) (61, 72, 4) (6, 73, 4) (21, 74, 6) (41, 75, 3) (29, 76, 2) (50, 76, 6) (54, 76, 6) (75, 77, 8) (32, 78, 4) (33, 78, 4) (94, 78, 2) (20, 79, 6) (88, 79, 3)
Queue1 :closed
Queue2 :closed
Queue3 :closed
Queue4 :closed

Time: 2
Waiting clients:  (35, 3, 4) (95, 3, 6) (12, 4, 6) (25, 4, 8) (5, 5, 6) (8, 5, 10) (45, 5, 9) (71, 7, 7) (82, 9, 6) (83, 9, 10) (2, 10, 2) (19, 11, 7) (15, 12, 7) (76, 12, 8) (80, 12, 4) (63, 13, 5) (91, 14, 8) (59, 15, 6) (46, 16, 5) (92, 18, 10) (100, 19, 2) (57, 20, 6) (87, 21, 3) (26, 24, 5) (77, 24, 3) (17, 25, 5) (18, 25, 9) (66, 26, 5) (7, 27, 2) (64, 27, 3) (79, 27, 7) (84, 27, 9) (93, 27, 3) (40, 30, 7) (97, 31, 7) (98, 31, 8) (42, 33, 9) (37, 35, 6) (11, 36, 10) (3, 38, 3) (30, 38, 7) (47, 38, 2) (10, 39, 7) (22, 39, 6) (90, 39, 7) (62, 40, 5) (9, 41, 8) (56, 44, 5) (4, 45, 3) (34, 45, 3) (74, 45, 5) (67, 46, 10) (1, 47, 6) (23, 47, 3) (52, 47, 6) (85, 47, 8) (39, 48, 4) (36, 52, 10) (14, 53, 8) (81, 54, 6) (58, 55, 7) (99, 55, 3) (65, 56, 6) (13, 57, 4) (89, 57, 3) (16, 58, 6) (70, 59, 3) (38, 60, 3) (43, 62, 4) (44, 62, 5) (86, 62, 6) (28, 63, 7) (96, 63, 3) (78, 64, 6) (49, 65, 7) (55, 65, 5) (73, 66, 9) (51, 67, 5) (53, 69, 6) (27, 70, 10) (68, 70, 3) (72, 70, 5) (60, 71, 5) (24, 72, 4) (48, 72, 8) (61, 72, 4) (6, 73, 4) (21, 74, 6) (41, 75, 3) (29, 76, 2) (50, 76, 6) (54, 76, 6) (75, 77, 8) (32, 78, 4) (33, 78, 4) (94, 78, 2) (20, 79, 6) (88, 79, 3)
Queue1 : (31, 2, 9)
Queue2 : (69, 2, 6)
Queue3 :closed
Queue4 :closed

Time: 3
Waiting clients:  (12, 4, 6) (25, 4, 8) (5, 5, 6) (8, 5, 10) (45, 5, 9) (71, 7, 7) (82, 9, 6) (83, 9, 10) (2, 10, 2) (19, 11, 7) (15, 12, 7) (76, 12, 8) (80, 12, 4) (63, 13, 5) (91, 14, 8) (59, 15, 6) (46, 16, 5) (92, 18, 10) (100, 19, 2) (57, 20, 6) (87, 21, 3) (26, 24, 5) (77, 24, 3) (17, 25, 5) (18, 25, 9) (66, 26, 5) (7, 27, 2) (64, 27, 3) (79, 27, 7) (84, 27, 9) (93, 27, 3) (40, 30, 7) (97, 31, 7) (98, 31, 8) (42, 33, 9) (37, 35, 6) (11, 36, 10) (3, 38, 3) (30, 38, 7) (47, 38, 2) (10, 39, 7) (22, 39, 6) (90, 39, 7) (62, 40, 5) (9, 41, 8) (56, 44, 5) (4, 45, 3) (34, 45, 3) (74, 45, 5) (67, 46, 10) (1, 47, 6) (23, 47, 3) (52, 47, 6) (85, 47, 8) (39, 48, 4) (36, 52, 10) (14, 53, 8) (81, 54, 6) (58, 55, 7) (99, 55, 3) (65, 56, 6) (13, 57, 4) (89, 57, 3) (16, 58, 6) (70, 59, 3) (38, 60, 3) (43, 62, 4) (44, 62, 5) (86, 62, 6) (28, 63, 7) (96, 63, 3) (78, 64, 6) (49, 65, 7) (55, 65, 5) (73, 66, 9) (51, 67, 5) (53, 69, 6) (27, 70, 10) (68, 70, 3) (72, 70, 5) (60, 71, 5) (24, 72, 4) (48, 72, 8) (61, 72, 4) (6, 73, 4) (21, 74, 6) (41, 75, 3) (29, 76, 2) (50, 76, 6) (54, 76, 6) (75, 77, 8) (32, 78, 4) (33, 78, 4) (94, 78, 2) (20, 79, 6) (88, 79, 3)
Queue1 : (31, 2, 8)
Queue2 : (69, 2, 5)
Queue3 : (35, 3, 4)
Queue4 : (95, 3, 6)

Time: 4
Waiting clients:  (5, 5, 6) (8, 5, 10) (45, 5, 9) (71, 7, 7) (82, 9, 6) (83, 9, 10) (2, 10, 2) (19, 11, 7) (15, 12, 7) (76, 12, 8) (80, 12, 4) (63, 13, 5) (91, 14, 8) (59, 15, 6) (46, 16, 5) (92, 18, 10) (100, 19, 2) (57, 20, 6) (87, 21, 3) (26, 24, 5) (77, 24, 3) (17, 25, 5) (18, 25, 9) (66, 26, 5) (7, 27, 2) (64, 27, 3) (79, 27, 7) (84, 27, 9) (93, 27, 3) (40, 30, 7) (97, 31, 7) (98, 31, 8) (42, 33, 9) (37, 35, 6) (11, 36, 10) (3, 38, 3) (30, 38, 7) (47, 38, 2) (10, 39, 7) (22, 39, 6) (90, 39, 7) (62, 40, 5) (9, 41, 8) (56, 44, 5) (4, 45, 3) (34, 45, 3) (74, 45, 5) (67, 46, 10) (1, 47, 6) (23, 47, 3) (52, 47, 6) (85, 47, 8) (39, 48, 4) (36, 52, 10) (14, 53, 8) (81, 54, 6) (58, 55, 7) (99, 55, 3) (65, 56, 6) (13, 57, 4) (89, 57, 3) (16, 58, 6) (70, 59, 3) (38, 60, 3) (43, 62, 4) (44, 62, 5) (86, 62, 6) (28, 63, 7) (96, 63, 3) (78, 64, 6) (49, 65, 7) (55, 65, 5) (73, 66, 9) (51, 67, 5) (53, 69, 6) (27, 70, 10) (68, 70, 3) (72, 70, 5) (60, 71, 5) (24, 72, 4) (48, 72, 8) (61, 72, 4) (6, 73, 4) (21, 74, 6) (41, 75, 3) (29, 76, 2) (50, 76, 6) (54, 76, 6) (75, 77, 8) (32, 78, 4) (33, 78, 4) (94, 78, 2) (20, 79, 6) (88, 79, 3)
Queue1 : (31, 2, 7) (12, 4, 6)
Queue2 : (69, 2, 4) (25, 4, 8)
Queue3 : (35, 3, 3)
Queue4 : (95, 3, 5)

Time: 5
Waiting clients:  (71, 7, 7) (82, 9, 6) (83, 9, 10) (2, 10, 2) (19, 11, 7) (15, 12, 7) (76, 12, 8) (80, 12, 4) (63, 13, 5) (91, 14, 8) (59, 15, 6) (46, 16, 5) (92, 18, 10) (100, 19, 2) (57, 20, 6) (87, 21, 3) (26, 24, 5) (77, 24, 3) (17, 25, 5) (18, 25, 9) (66, 26, 5) (7, 27, 2) (64, 27, 3) (79, 27, 7) (84, 27, 9) (93, 27, 3) (40, 30, 7) (97, 31, 7) (98, 31, 8) (42, 33, 9) (37, 35, 6) (11, 36, 10) (3, 38, 3) (30, 38, 7) (47, 38, 2) (10, 39, 7) (22, 39, 6) (90, 39, 7) (62, 40, 5) (9, 41, 8) (56, 44, 5) (4, 45, 3) (34, 45, 3) (74, 45, 5) (67, 46, 10) (1, 47, 6) (23, 47, 3) (52, 47, 6) (85, 47, 8) (39, 48, 4) (36, 52, 10) (14, 53, 8) (81, 54, 6) (58, 55, 7) (99, 55, 3) (65, 56, 6) (13, 57, 4) (89, 57, 3) (16, 58, 6) (70, 59, 3) (38, 60, 3) (43, 62, 4) (44, 62, 5) (86, 62, 6) (28, 63, 7) (96, 63, 3) (78, 64, 6) (49, 65, 7) (55, 65, 5) (73, 66, 9) (51, 67, 5) (53, 69, 6) (27, 70, 10) (68, 70, 3) (72, 70, 5) (60, 71, 5) (24, 72, 4) (48, 72, 8) (61, 72, 4) (6, 73, 4) (21, 74, 6) (41, 75, 3) (29, 76, 2) (50, 76, 6) (54, 76, 6) (75, 77, 8) (32, 78, 4) (33, 78, 4) (94, 78, 2) (20, 79, 6) (88, 79, 3)
Queue1 : (31, 2, 6) (12, 4, 6) (45, 5, 9)
Queue2 : (69, 2, 3) (25, 4, 8)
Queue3 : (35, 3, 2) (5, 5, 6)
Queue4 : (95, 3, 4) (8, 5, 10)

Time: 6
Waiting clients:  (71, 7, 7) (82, 9, 6) (83, 9, 10) (2, 10, 2) (19, 11, 7) (15, 12, 7) (76, 12, 8) (80, 12, 4) (63, 13, 5) (91, 14, 8) (59, 15, 6) (46, 16, 5) (92, 18, 10) (100, 19, 2) (57, 20, 6) (87, 21, 3) (26, 24, 5) (77, 24, 3) (17, 25, 5) (18, 25, 9) (66, 26, 5) (7, 27, 2) (64, 27, 3) (79, 27, 7) (84, 27, 9) (93, 27, 3) (40, 30, 7) (97, 31, 7) (98, 31, 8) (42, 33, 9) (37, 35, 6) (11, 36, 10) (3, 38, 3) (30, 38, 7) (47, 38, 2) (10, 39, 7) (22, 39, 6) (90, 39, 7) (62, 40, 5) (9, 41, 8) (56, 44, 5) (4, 45, 3) (34, 45, 3) (74, 45, 5) (67, 46, 10) (1, 47, 6) (23, 47, 3) (52, 47, 6) (85, 47, 8) (39, 48, 4) (36, 52, 10) (14, 53, 8) (81, 54, 6) (58, 55, 7) (99, 55, 3) (65, 56, 6) (13, 57, 4) (89, 57, 3) (16, 58, 6) (70, 59, 3) (38, 60, 3) (43, 62, 4) (44, 62, 5) (86, 62, 6) (28, 63, 7) (96, 63, 3) (78, 64, 6) (49, 65, 7) (55, 65, 5) (73, 66, 9) (51, 67, 5) (53, 69, 6) (27, 70, 10) (68, 70, 3) (72, 70, 5) (60, 71, 5) (24, 72, 4) (48, 72, 8) (61, 72, 4) (6, 73, 4) (21, 74, 6) (41, 75, 3) (29, 76, 2) (50, 76, 6) (54, 76, 6) (75, 77, 8) (32, 78, 4) (33, 78, 4) (94, 78, 2) (20, 79, 6) (88, 79, 3)
Queue1 : (31, 2, 5) (12, 4, 6) (45, 5, 9)
Queue2 : (69, 2, 2) (25, 4, 8)
Queue3 : (35, 3, 1) (5, 5, 6)
Queue4 : (95, 3, 3) (8, 5, 10)

Time: 7
Waiting clients:  (82, 9, 6) (83, 9, 10) (2, 10, 2) (19, 11, 7) (15, 12, 7) (76, 12, 8) (80, 12, 4) (63, 13, 5) (91, 14, 8) (59, 15, 6) (46, 16, 5) (92, 18, 10) (100, 19, 2) (57, 20, 6) (87, 21, 3) (26, 24, 5) (77, 24, 3) (17, 25, 5) (18, 25, 9) (66, 26, 5) (7, 27, 2) (64, 27, 3) (79, 27, 7) (84, 27, 9) (93, 27, 3) (40, 30, 7) (97, 31, 7) (98, 31, 8) (42, 33, 9) (37, 35, 6) (11, 36, 10) (3, 38, 3) (30, 38, 7) (47, 38, 2) (10, 39, 7) (22, 39, 6) (90, 39, 7) (62, 40, 5) (9, 41, 8) (56, 44, 5) (4, 45, 3) (34, 45, 3) (74, 45, 5) (67, 46, 10) (1, 47, 6) (23, 47, 3) (52, 47, 6) (85, 47, 8) (39, 48, 4) (36, 52, 10) (14, 53, 8) (81, 54, 6) (58, 55, 7) (99, 55, 3) (65, 56, 6) (13, 57, 4) (89, 57, 3) (16, 58, 6) (70, 59, 3) (38, 60, 3) (43, 62, 4) (44, 62, 5) (86, 62, 6) (28, 63, 7) (96, 63, 3) (78, 64, 6) (49, 65, 7) (55, 65, 5) (73, 66, 9) (51, 67, 5) (53, 69, 6) (27, 70, 10) (68, 70, 3) (72, 70, 5) (60, 71, 5) (24, 72, 4) (48, 72, 8) (61, 72, 4) (6, 73, 4) (21, 74, 6) (41, 75, 3) (29, 76, 2) (50, 76, 6) (54, 76, 6) (75, 77, 8) (32, 78, 4) (33, 78, 4) (94, 78, 2) (20, 79, 6) (88, 79, 3)
Queue1 : (31, 2, 4) (12, 4, 6) (45, 5, 9)
Queue2 : (69, 2, 1) (25, 4, 8)
Queue3 : (5, 5, 6) (71, 7, 7)
Queue4 : (95, 3, 2) (8, 5, 10)

Time: 8
Waiting clients:  (82, 9, 6) (83, 9, 10) (2, 10, 2) (19, 11, 7) (15, 12, 7) (76, 12, 8) (80, 12, 4) (63, 13, 5) (91, 14, 8) (59, 15, 6) (46, 16, 5) (92, 18, 10) (100, 19, 2) (57, 20, 6) (87, 21, 3) (26, 24, 5) (77, 24, 3) (17, 25, 5) (18, 25, 9) (66, 26, 5) (7, 27, 2) (64, 27, 3) (79, 27, 7) (84, 27, 9) (93, 27, 3) (40, 30, 7) (97, 31, 7) (98, 31, 8) (42, 33, 9) (37, 35, 6) (11, 36, 10) (3, 38, 3) (30, 38, 7) (47, 38, 2) (10, 39, 7) (22, 39, 6) (90, 39, 7) (62, 40, 5) (9, 41, 8) (56, 44, 5) (4, 45, 3) (34, 45, 3) (74, 45, 5) (67, 46, 10) (1, 47, 6) (23, 47, 3) (52, 47, 6) (85, 47, 8) (39, 48, 4) (36, 52, 10) (14, 53, 8) (81, 54, 6) (58, 55, 7) (99, 55, 3) (65, 56, 6) (13, 57, 4) (89, 57, 3) (16, 58, 6) (70, 59, 3) (38, 60, 3) (43, 62, 4) (44, 62, 5) (86, 62, 6) (28, 63, 7) (96, 63, 3) (78, 64, 6) (49, 65, 7) (55, 65, 5) (73, 66, 9) (51, 67, 5) (53, 69, 6) (27, 70, 10) (68, 70, 3) (72, 70, 5) (60, 71, 5) (24, 72, 4) (48, 72, 8) (61, 72, 4) (6, 73, 4) (21, 74, 6) (41, 75, 3) (29, 76, 2) (50, 76, 6) (54, 76, 6) (75, 77, 8) (32, 78, 4) (33, 78, 4) (94, 78, 2) (20, 79, 6) (88, 79, 3)
Queue1 : (31, 2, 3) (12, 4, 6) (45, 5, 9)
Queue2 : (25, 4, 8)
Queue3 : (5, 5, 5) (71, 7, 7)
Queue4 : (95, 3, 1) (8, 5, 10)

Time: 9
Waiting clients:  (2, 10, 2) (19, 11, 7) (15, 12, 7) (76, 12, 8) (80, 12, 4) (63, 13, 5) (91, 14, 8) (59, 15, 6) (46, 16, 5) (92, 18, 10) (100, 19, 2) (57, 20, 6) (87, 21, 3) (26, 24, 5) (77, 24, 3) (17, 25, 5) (18, 25, 9) (66, 26, 5) (7, 27, 2) (64, 27, 3) (79, 27, 7) (84, 27, 9) (93, 27, 3) (40, 30, 7) (97, 31, 7) (98, 31, 8) (42, 33, 9) (37, 35, 6) (11, 36, 10) (3, 38, 3) (30, 38, 7) (47, 38, 2) (10, 39, 7) (22, 39, 6) (90, 39, 7) (62, 40, 5) (9, 41, 8) (56, 44, 5) (4, 45, 3) (34, 45, 3) (74, 45, 5) (67, 46, 10) (1, 47, 6) (23, 47, 3) (52, 47, 6) (85, 47, 8) (39, 48, 4) (36, 52, 10) (14, 53, 8) (81, 54, 6) (58, 55, 7) (99, 55, 3) (65, 56, 6) (13, 57, 4) (89, 57, 3) (16, 58, 6) (70, 59, 3) (38, 60, 3) (43, 62, 4) (44, 62, 5) (86, 62, 6) (28, 63, 7) (96, 63, 3) (78, 64, 6) (49, 65, 7) (55, 65, 5) (73, 66, 9) (51, 67, 5) (53, 69, 6) (27, 70, 10) (68, 70, 3) (72, 70, 5) (60, 71, 5) (24, 72, 4) (48, 72, 8) (61, 72, 4) (6, 73, 4) (21, 74, 6) (41, 75, 3) (29, 76, 2) (50, 76, 6) (54, 76, 6) (75, 77, 8) (32, 78, 4) (33, 78, 4) (94, 78, 2) (20, 79, 6) (88, 79, 3)
Queue1 : (31, 2, 2) (12, 4, 6) (45, 5, 9)
Queue2 : (25, 4, 7) (82, 9, 6)
Queue3 : (5, 5, 4) (71, 7, 7)
Queue4 : (8, 5, 10) (83, 9, 10)

Time: 10
Waiting clients:  (19, 11, 7) (15, 12, 7) (76, 12, 8) (80, 12, 4) (63, 13, 5) (91, 14, 8) (59, 15, 6) (46, 16, 5) (92, 18, 10) (100, 19, 2) (57, 20, 6) (87, 21, 3) (26, 24, 5) (77, 24, 3) (17, 25, 5) (18, 25, 9) (66, 26, 5) (7, 27, 2) (64, 27, 3) (79, 27, 7) (84, 27, 9) (93, 27, 3) (40, 30, 7) (97, 31, 7) (98, 31, 8) (42, 33, 9) (37, 35, 6) (11, 36, 10) (3, 38, 3) (30, 38, 7) (47, 38, 2) (10, 39, 7) (22, 39, 6) (90, 39, 7) (62, 40, 5) (9, 41, 8) (56, 44, 5) (4, 45, 3) (34, 45, 3) (74, 45, 5) (67, 46, 10) (1, 47, 6) (23, 47, 3) (52, 47, 6) (85, 47, 8) (39, 48, 4) (36, 52, 10) (14, 53, 8) (81, 54, 6) (58, 55, 7) (99, 55, 3) (65, 56, 6) (13, 57, 4) (89, 57, 3) (16, 58, 6) (70, 59, 3) (38, 60, 3) (43, 62, 4) (44, 62, 5) (86, 62, 6) (28, 63, 7) (96, 63, 3) (78, 64, 6) (49, 65, 7) (55, 65, 5) (73, 66, 9) (51, 67, 5) (53, 69, 6) (27, 70, 10) (68, 70, 3) (72, 70, 5) (60, 71, 5) (24, 72, 4) (48, 72, 8) (61, 72, 4) (6, 73, 4) (21, 74, 6) (41, 75, 3) (29, 76, 2) (50, 76, 6) (54, 76, 6) (75, 77, 8) (32, 78, 4) (33, 78, 4) (94, 78, 2) (20, 79, 6) (88, 79, 3)
Queue1 : (31, 2, 1) (12, 4, 6) (45, 5, 9)
Queue2 : (25, 4, 6) (82, 9, 6) (2, 10, 2)
Queue3 : (5, 5, 3) (71, 7, 7)
Queue4 : (8, 5, 9) (83, 9, 10)

Time: 11
Waiting clients:  (15, 12, 7) (76, 12, 8) (80, 12, 4) (63, 13, 5) (91, 14, 8) (59, 15, 6) (46, 16, 5) (92, 18, 10) (100, 19, 2) (57, 20, 6) (87, 21, 3) (26, 24, 5) (77, 24, 3) (17, 25, 5) (18, 25, 9) (66, 26, 5) (7, 27, 2) (64, 27, 3) (79, 27, 7) (84, 27, 9) (93, 27, 3) (40, 30, 7) (97, 31, 7) (98, 31, 8) (42, 33, 9) (37, 35, 6) (11, 36, 10) (3, 38, 3) (30, 38, 7) (47, 38, 2) (10, 39, 7) (22, 39, 6) (90, 39, 7) (62, 40, 5) (9, 41, 8) (56, 44, 5) (4, 45, 3) (34, 45, 3) (74, 45, 5) (67, 46, 10) (1, 47, 6) (23, 47, 3) (52, 47, 6) (85, 47, 8) (39, 48, 4) (36, 52, 10) (14, 53, 8) (81, 54, 6) (58, 55, 7) (99, 55, 3) (65, 56, 6) (13, 57, 4) (89, 57, 3) (16, 58, 6) (70, 59, 3) (38, 60, 3) (43, 62, 4) (44, 62, 5) (86, 62, 6) (28, 63, 7) (96, 63, 3) (78, 64, 6) (49, 65, 7) (55, 65, 5) (73, 66, 9) (51, 67, 5) (53, 69, 6) (27, 70, 10) (68, 70, 3) (72, 70, 5) (60, 71, 5) (24, 72, 4) (48, 72, 8) (61, 72, 4) (6, 73, 4) (21, 74, 6) (41, 75, 3) (29, 76, 2) (50, 76, 6) (54, 76, 6) (75, 77, 8) (32, 78, 4) (33, 78, 4) (94, 78, 2) (20, 79, 6) (88, 79, 3)
Queue1 : (12, 4, 6) (45, 5, 9) (19, 11, 7)
Queue2 : (25, 4, 5) (82, 9, 6) (2, 10, 2)
Queue3 : (5, 5, 2) (71, 7, 7)
Queue4 : (8, 5, 8) (83, 9, 10)

Time: 12
Waiting clients:  (63, 13, 5) (91, 14, 8) (59, 15, 6) (46, 16, 5) (92, 18, 10) (100, 19, 2) (57, 20, 6) (87, 21, 3) (26, 24, 5) (77, 24, 3) (17, 25, 5) (18, 25, 9) (66, 26, 5) (7, 27, 2) (64, 27, 3) (79, 27, 7) (84, 27, 9) (93, 27, 3) (40, 30, 7) (97, 31, 7) (98, 31, 8) (42, 33, 9) (37, 35, 6) (11, 36, 10) (3, 38, 3) (30, 38, 7) (47, 38, 2) (10, 39, 7) (22, 39, 6) (90, 39, 7) (62, 40, 5) (9, 41, 8) (56, 44, 5) (4, 45, 3) (34, 45, 3) (74, 45, 5) (67, 46, 10) (1, 47, 6) (23, 47, 3) (52, 47, 6) (85, 47, 8) (39, 48, 4) (36, 52, 10) (14, 53, 8) (81, 54, 6) (58, 55, 7) (99, 55, 3) (65, 56, 6) (13, 57, 4) (89, 57, 3) (16, 58, 6) (70, 59, 3) (38, 60, 3) (43, 62, 4) (44, 62, 5) (86, 62, 6) (28, 63, 7) (96, 63, 3) (78, 64, 6) (49, 65, 7) (55, 65, 5) (73, 66, 9) (51, 67, 5) (53, 69, 6) (27, 70, 10) (68, 70, 3) (72, 70, 5) (60, 71, 5) (24, 72, 4) (48, 72, 8) (61, 72, 4) (6, 73, 4) (21, 74, 6) (41, 75, 3) (29, 76, 2) (50, 76, 6) (54, 76, 6) (75, 77, 8) (32, 78, 4) (33, 78, 4) (94, 78, 2) (20, 79, 6) (88, 79, 3)
Queue1 : (12, 4, 5) (45, 5, 9) (19, 11, 7) (80, 12, 4)
Queue2 : (25, 4, 4) (82, 9, 6) (2, 10, 2)
Queue3 : (5, 5, 1) (71, 7, 7) (15, 12, 7)
Queue4 : (8, 5, 7) (83, 9, 10) (76, 12, 8)

Time: 13
Waiting clients:  (91, 14, 8) (59, 15, 6) (46, 16, 5) (92, 18, 10) (100, 19, 2) (57, 20, 6) (87, 21, 3) (26, 24, 5) (77, 24, 3) (17, 25, 5) (18, 25, 9) (66, 26, 5) (7, 27, 2) (64, 27, 3) (79, 27, 7) (84, 27, 9) (93, 27, 3) (40, 30, 7) (97, 31, 7) (98, 31, 8) (42, 33, 9) (37, 35, 6) (11, 36, 10) (3, 38, 3) (30, 38, 7) (47, 38, 2) (10, 39, 7) (22, 39, 6) (90, 39, 7) (62, 40, 5) (9, 41, 8) (56, 44, 5) (4, 45, 3) (34, 45, 3) (74, 45, 5) (67, 46, 10) (1, 47, 6) (23, 47, 3) (52, 47, 6) (85, 47, 8) (39, 48, 4) (36, 52, 10) (14, 53, 8) (81, 54, 6) (58, 55, 7) (99, 55, 3) (65, 56, 6) (13, 57, 4) (89, 57, 3) (16, 58, 6) (70, 59, 3) (38, 60, 3) (43, 62, 4) (44, 62, 5) (86, 62, 6) (28, 63, 7) (96, 63, 3) (78, 64, 6) (49, 65, 7) (55, 65, 5) (73, 66, 9) (51, 67, 5) (53, 69, 6) (27, 70, 10) (68, 70, 3) (72, 70, 5) (60, 71, 5) (24, 72, 4) (48, 72, 8) (61, 72, 4) (6, 73, 4) (21, 74, 6) (41, 75, 3) (29, 76, 2) (50, 76, 6) (54, 76, 6) (75, 77, 8) (32, 78, 4) (33, 78, 4) (94, 78, 2) (20, 79, 6) (88, 79, 3)
Queue1 : (12, 4, 4) (45, 5, 9) (19, 11, 7) (80, 12, 4)
Queue2 : (25, 4, 3) (82, 9, 6) (2, 10, 2)
Queue3 : (71, 7, 7) (15, 12, 7) (63, 13, 5)
Queue4 : (8, 5, 6) (83, 9, 10) (76, 12, 8)

Time: 14
Waiting clients:  (59, 15, 6) (46, 16, 5) (92, 18, 10) (100, 19, 2) (57, 20, 6) (87, 21, 3) (26, 24, 5) (77, 24, 3) (17, 25, 5) (18, 25, 9) (66, 26, 5) (7, 27, 2) (64, 27, 3) (79, 27, 7) (84, 27, 9) (93, 27, 3) (40, 30, 7) (97, 31, 7) (98, 31, 8) (42, 33, 9) (37, 35, 6) (11, 36, 10) (3, 38, 3) (30, 38, 7) (47, 38, 2) (10, 39, 7) (22, 39, 6) (90, 39, 7) (62, 40, 5) (9, 41, 8) (56, 44, 5) (4, 45, 3) (34, 45, 3) (74, 45, 5) (67, 46, 10) (1, 47, 6) (23, 47, 3) (52, 47, 6) (85, 47, 8) (39, 48, 4) (36, 52, 10) (14, 53, 8) (81, 54, 6) (58, 55, 7) (99, 55, 3) (65, 56, 6) (13, 57, 4) (89, 57, 3) (16, 58, 6) (70, 59, 3) (38, 60, 3) (43, 62, 4) (44, 62, 5) (86, 62, 6) (28, 63, 7) (96, 63, 3) (78, 64, 6) (49, 65, 7) (55, 65, 5) (73, 66, 9) (51, 67, 5) (53, 69, 6) (27, 70, 10) (68, 70, 3) (72, 70, 5) (60, 71, 5) (24, 72, 4) (48, 72, 8) (61, 72, 4) (6, 73, 4) (21, 74, 6) (41, 75, 3) (29, 76, 2) (50, 76, 6) (54, 76, 6) (75, 77, 8) (32, 78, 4) (33, 78, 4) (94, 78, 2) (20, 79, 6) (88, 79, 3)
Queue1 : (12, 4, 3) (45, 5, 9) (19, 11, 7) (80, 12, 4)
Queue2 : (25, 4, 2) (82, 9, 6) (2, 10, 2) (91, 14, 8)
Queue3 : (71, 7, 6) (15, 12, 7) (63, 13, 5)
Queue4 : (8, 5, 5) (83, 9, 10) (76, 12, 8)

Time: 15
Waiting clients:  (46, 16, 5) (92, 18, 10) (100, 19, 2) (57, 20, 6) (87, 21, 3) (26, 24, 5) (77, 24, 3) (17, 25, 5) (18, 25, 9) (66, 26, 5) (7, 27, 2) (64, 27, 3) (79, 27, 7) (84, 27, 9) (93, 27, 3) (40, 30, 7) (97, 31, 7) (98, 31, 8) (42, 33, 9) (37, 35, 6) (11, 36, 10) (3, 38, 3) (30, 38, 7) (47, 38, 2) (10, 39, 7) (22, 39, 6) (90, 39, 7) (62, 40, 5) (9, 41, 8) (56, 44, 5) (4, 45, 3) (34, 45, 3) (74, 45, 5) (67, 46, 10) (1, 47, 6) (23, 47, 3) (52, 47, 6) (85, 47, 8) (39, 48, 4) (36, 52, 10) (14, 53, 8) (81, 54, 6) (58, 55, 7) (99, 55, 3) (65, 56, 6) (13, 57, 4) (89, 57, 3) (16, 58, 6) (70, 59, 3) (38, 60, 3) (43, 62, 4) (44, 62, 5) (86, 62, 6) (28, 63, 7) (96, 63, 3) (78, 64, 6) (49, 65, 7) (55, 65, 5) (73, 66, 9) (51, 67, 5) (53, 69, 6) (27, 70, 10) (68, 70, 3) (72, 70, 5) (60, 71, 5) (24, 72, 4) (48, 72, 8) (61, 72, 4) (6, 73, 4) (21, 74, 6) (41, 75, 3) (29, 76, 2) (50, 76, 6) (54, 76, 6) (75, 77, 8) (32, 78, 4) (33, 78, 4) (94, 78, 2) (20, 79, 6) (88, 79, 3)
Queue1 : (12, 4, 2) (45, 5, 9) (19, 11, 7) (80, 12, 4)
Queue2 : (25, 4, 1) (82, 9, 6) (2, 10, 2) (91, 14, 8)
Queue3 : (71, 7, 5) (15, 12, 7) (63, 13, 5) (59, 15, 6)
Queue4 : (8, 5, 4) (83, 9, 10) (76, 12, 8)

Time: 16
Waiting clients:  (92, 18, 10) (100, 19, 2) (57, 20, 6) (87, 21, 3) (26, 24, 5) (77, 24, 3) (17, 25, 5) (18, 25, 9) (66, 26, 5) (7, 27, 2) (64, 27, 3) (79, 27, 7) (84, 27, 9) (93, 27, 3) (40, 30, 7) (97, 31, 7) (98, 31, 8) (42, 33, 9) (37, 35, 6) (11, 36, 10) (3, 38, 3) (30, 38, 7) (47, 38, 2) (10, 39, 7) (22, 39, 6) (90, 39, 7) (62, 40, 5) (9, 41, 8) (56, 44, 5) (4, 45, 3) (34, 45, 3) (74, 45, 5) (67, 46, 10) (1, 47, 6) (23, 47, 3) (52, 47, 6) (85, 47, 8) (39, 48, 4) (36, 52, 10) (14, 53, 8) (81, 54, 6) (58, 55, 7) (99, 55, 3) (65, 56, 6) (13, 57, 4) (89, 57, 3) (16, 58, 6) (70, 59, 3) (38, 60, 3) (43, 62, 4) (44, 62, 5) (86, 62, 6) (28, 63, 7) (96, 63, 3) (78, 64, 6) (49, 65, 7) (55, 65, 5) (73, 66, 9) (51, 67, 5) (53, 69, 6) (27, 70, 10) (68, 70, 3) (72, 70, 5) (60, 71, 5) (24, 72, 4) (48, 72, 8) (61, 72, 4) (6, 73, 4) (21, 74, 6) (41, 75, 3) (29, 76, 2) (50, 76, 6) (54, 76, 6) (75, 77, 8) (32, 78, 4) (33, 78, 4) (94, 78, 2) (20, 79, 6) (88, 79, 3)
Queue1 : (12, 4, 1) (45, 5, 9) (19, 11, 7) (80, 12, 4)
Queue2 : (82, 9, 6) (2, 10, 2) (91, 14, 8) (46, 16, 5)
Queue3 : (71, 7, 4) (15, 12, 7) (63, 13, 5) (59, 15, 6)
Queue4 : (8, 5, 3) (83, 9, 10) (76, 12, 8)

Time: 17
Waiting clients:  (92, 18, 10) (100, 19, 2) (57, 20, 6) (87, 21, 3) (26, 24, 5) (77, 24, 3) (17, 25, 5) (18, 25, 9) (66, 26, 5) (7, 27, 2) (64, 27, 3) (79, 27, 7) (84, 27, 9) (93, 27, 3) (40, 30, 7) (97, 31, 7) (98, 31, 8) (42, 33, 9) (37, 35, 6) (11, 36, 10) (3, 38, 3) (30, 38, 7) (47, 38, 2) (10, 39, 7) (22, 39, 6) (90, 39, 7) (62, 40, 5) (9, 41, 8) (56, 44, 5) (4, 45, 3) (34, 45, 3) (74, 45, 5) (67, 46, 10) (1, 47, 6) (23, 47, 3) (52, 47, 6) (85, 47, 8) (39, 48, 4) (36, 52, 10) (14, 53, 8) (81, 54, 6) (58, 55, 7) (99, 55, 3) (65, 56, 6) (13, 57, 4) (89, 57, 3) (16, 58, 6) (70, 59, 3) (38, 60, 3) (43, 62, 4) (44, 62, 5) (86, 62, 6) (28, 63, 7) (96, 63, 3) (78, 64, 6) (49, 65, 7) (55, 65, 5) (73, 66, 9) (51, 67, 5) (53, 69, 6) (27, 70, 10) (68, 70, 3) (72, 70, 5) (60, 71, 5) (24, 72, 4) (48, 72, 8) (61, 72, 4) (6, 73, 4) (21, 74, 6) (41, 75, 3) (29, 76, 2) (50, 76, 6) (54, 76, 6) (75, 77, 8) (32, 78, 4) (33, 78, 4) (94, 78, 2) (20, 79, 6) (88, 79, 3)
Queue1 : (45, 5, 9) (19, 11, 7) (80, 12, 4)
Queue2 : (82, 9, 5) (2, 10, 2) (91, 14, 8) (46, 16, 5)
Queue3 : (71, 7, 3) (15, 12, 7) (63, 13, 5) (59, 15, 6)
Queue4 : (8, 5, 2) (83, 9, 10) (76, 12, 8)

Time: 18
Waiting clients:  (100, 19, 2) (57, 20, 6) (87, 21, 3) (26, 24, 5) (77, 24, 3) (17, 25, 5) (18, 25, 9) (66, 26, 5) (7, 27, 2) (64, 27, 3) (79, 27, 7) (84, 27, 9) (93, 27, 3) (40, 30, 7) (97, 31, 7) (98, 31, 8) (42, 33, 9) (37, 35, 6) (11, 36, 10) (3, 38, 3) (30, 38, 7) (47, 38, 2) (10, 39, 7) (22, 39, 6) (90, 39, 7) (62, 40, 5) (9, 41, 8) (56, 44, 5) (4, 45, 3) (34, 45, 3) (74, 45, 5) (67, 46, 10) (1, 47, 6) (23, 47, 3) (52, 47, 6) (85, 47, 8) (39, 48, 4) (36, 52, 10) (14, 53, 8) (81, 54, 6) (58, 55, 7) (99, 55, 3) (65, 56, 6) (13, 57, 4) (89, 57, 3) (16, 58, 6) (70, 59, 3) (38, 60, 3) (43, 62, 4) (44, 62, 5) (86, 62, 6) (28, 63, 7) (96, 63, 3) (78, 64, 6) (49, 65, 7) (55, 65, 5) (73, 66, 9) (51, 67, 5) (53, 69, 6) (27, 70, 10) (68, 70, 3) (72, 70, 5) (60, 71, 5) (24, 72, 4) (48, 72, 8) (61, 72, 4) (6, 73, 4) (21, 74, 6) (41, 75, 3) (29, 76, 2) (50, 76, 6) (54, 76, 6) (75, 77, 8) (32, 78, 4) (33, 78, 4) (94, 78, 2) (20, 79, 6) (88, 79, 3)
Queue1 : (45, 5, 8) (19, 11, 7) (80, 12, 4) (92, 18, 10)
Queue2 : (82, 9, 4) (2, 10, 2) (91, 14, 8) (46, 16, 5)
Queue3 : (71, 7, 2) (15, 12, 7) (63, 13, 5) (59, 15, 6)
Queue4 : (8, 5, 1) (83, 9, 10) (76, 12, 8)

Time: 19
Waiting clients:  (57, 20, 6) (87, 21, 3) (26, 24, 5) (77, 24, 3) (17, 25, 5) (18, 25, 9) (66, 26, 5) (7, 27, 2) (64, 27, 3) (79, 27, 7) (84, 27, 9) (93, 27, 3) (40, 30, 7) (97, 31, 7) (98, 31, 8) (42, 33, 9) (37, 35, 6) (11, 36, 10) (3, 38, 3) (30, 38, 7) (47, 38, 2) (10, 39, 7) (22, 39, 6) (90, 39, 7) (62, 40, 5) (9, 41, 8) (56, 44, 5) (4, 45, 3) (34, 45, 3) (74, 45, 5) (67, 46, 10) (1, 47, 6) (23, 47, 3) (52, 47, 6) (85, 47, 8) (39, 48, 4) (36, 52, 10) (14, 53, 8) (81, 54, 6) (58, 55, 7) (99, 55, 3) (65, 56, 6) (13, 57, 4) (89, 57, 3) (16, 58, 6) (70, 59, 3) (38, 60, 3) (43, 62, 4) (44, 62, 5) (86, 62, 6) (28, 63, 7) (96, 63, 3) (78, 64, 6) (49, 65, 7) (55, 65, 5) (73, 66, 9) (51, 67, 5) (53, 69, 6) (27, 70, 10) (68, 70, 3) (72, 70, 5) (60, 71, 5) (24, 72, 4) (48, 72, 8) (61, 72, 4) (6, 73, 4) (21, 74, 6) (41, 75, 3) (29, 76, 2) (50, 76, 6) (54, 76, 6) (75, 77, 8) (32, 78, 4) (33, 78, 4) (94, 78, 2) (20, 79, 6) (88, 79, 3)
Queue1 : (45, 5, 7) (19, 11, 7) (80, 12, 4) (92, 18, 10)
Queue2 : (82, 9, 3) (2, 10, 2) (91, 14, 8) (46, 16, 5)
Queue3 : (71, 7, 1) (15, 12, 7) (63, 13, 5) (59, 15, 6)
Queue4 : (83, 9, 10) (76, 12, 8) (100, 19, 2)

Time: 20
Waiting clients:  (87, 21, 3) (26, 24, 5) (77, 24, 3) (17, 25, 5) (18, 25, 9) (66, 26, 5) (7, 27, 2) (64, 27, 3) (79, 27, 7) (84, 27, 9) (93, 27, 3) (40, 30, 7) (97, 31, 7) (98, 31, 8) (42, 33, 9) (37, 35, 6) (11, 36, 10) (3, 38, 3) (30, 38, 7) (47, 38, 2) (10, 39, 7) (22, 39, 6) (90, 39, 7) (62, 40, 5) (9, 41, 8) (56, 44, 5) (4, 45, 3) (34, 45, 3) (74, 45, 5) (67, 46, 10) (1, 47, 6) (23, 47, 3) (52, 47, 6) (85, 47, 8) (39, 48, 4) (36, 52, 10) (14, 53, 8) (81, 54, 6) (58, 55, 7) (99, 55, 3) (65, 56, 6) (13, 57, 4) (89, 57, 3) (16, 58, 6) (70, 59, 3) (38, 60, 3) (43, 62, 4) (44, 62, 5) (86, 62, 6) (28, 63, 7) (96, 63, 3) (78, 64, 6) (49, 65, 7) (55, 65, 5) (73, 66, 9) (51, 67, 5) (53, 69, 6) (27, 70, 10) (68, 70, 3) (72, 70, 5) (60, 71, 5) (24, 72, 4) (48, 72, 8) (61, 72, 4) (6, 73, 4) (21, 74, 6) (41, 75, 3) (29, 76, 2) (50, 76, 6) (54, 76, 6) (75, 77, 8) (32, 78, 4) (33, 78, 4) (94, 78, 2) (20, 79, 6) (88, 79, 3)
Queue1 : (45, 5, 6) (19, 11, 7) (80, 12, 4) (92, 18, 10)
Queue2 : (82, 9, 2) (2, 10, 2) (91, 14, 8) (46, 16, 5)
Queue3 : (15, 12, 7) (63, 13, 5) (59, 15, 6) (57, 20, 6)
Queue4 : (83, 9, 9) (76, 12, 8) (100, 19, 2)

Time: 21
Waiting clients:  (26, 24, 5) (77, 24, 3) (17, 25, 5) (18, 25, 9) (66, 26, 5) (7, 27, 2) (64, 27, 3) (79, 27, 7) (84, 27, 9) (93, 27, 3) (40, 30, 7) (97, 31, 7) (98, 31, 8) (42, 33, 9) (37, 35, 6) (11, 36, 10) (3, 38, 3) (30, 38, 7) (47, 38, 2) (10, 39, 7) (22, 39, 6) (90, 39, 7) (62, 40, 5) (9, 41, 8) (56, 44, 5) (4, 45, 3) (34, 45, 3) (74, 45, 5) (67, 46, 10) (1, 47, 6) (23, 47, 3) (52, 47, 6) (85, 47, 8) (39, 48, 4) (36, 52, 10) (14, 53, 8) (81, 54, 6) (58, 55, 7) (99, 55, 3) (65, 56, 6) (13, 57, 4) (89, 57, 3) (16, 58, 6) (70, 59, 3) (38, 60, 3) (43, 62, 4) (44, 62, 5) (86, 62, 6) (28, 63, 7) (96, 63, 3) (78, 64, 6) (49, 65, 7) (55, 65, 5) (73, 66, 9) (51, 67, 5) (53, 69, 6) (27, 70, 10) (68, 70, 3) (72, 70, 5) (60, 71, 5) (24, 72, 4) (48, 72, 8) (61, 72, 4) (6, 73, 4) (21, 74, 6) (41, 75, 3) (29, 76, 2) (50, 76, 6) (54, 76, 6) (75, 77, 8) (32, 78, 4) (33, 78, 4) (94, 78, 2) (20, 79, 6) (88, 79, 3)
Queue1 : (45, 5, 5) (19, 11, 7) (80, 12, 4) (92, 18, 10)
Queue2 : (82, 9, 1) (2, 10, 2) (91, 14, 8) (46, 16, 5)
Queue3 : (15, 12, 6) (63, 13, 5) (59, 15, 6) (57, 20, 6)
Queue4 : (83, 9, 8) (76, 12, 8) (100, 19, 2) (87, 21, 3)

Time: 22
Waiting clients:  (26, 24, 5) (77, 24, 3) (17, 25, 5) (18, 25, 9) (66, 26, 5) (7, 27, 2) (64, 27, 3) (79, 27, 7) (84, 27, 9) (93, 27, 3) (40, 30, 7) (97, 31, 7) (98, 31, 8) (42, 33, 9) (37, 35, 6) (11, 36, 10) (3, 38, 3) (30, 38, 7) (47, 38, 2) (10, 39, 7) (22, 39, 6) (90, 39, 7) (62, 40, 5) (9, 41, 8) (56, 44, 5) (4, 45, 3) (34, 45, 3) (74, 45, 5) (67, 46, 10) (1, 47, 6) (23, 47, 3) (52, 47, 6) (85, 47, 8) (39, 48, 4) (36, 52, 10) (14, 53, 8) (81, 54, 6) (58, 55, 7) (99, 55, 3) (65, 56, 6) (13, 57, 4) (89, 57, 3) (16, 58, 6) (70, 59, 3) (38, 60, 3) (43, 62, 4) (44, 62, 5) (86, 62, 6) (28, 63, 7) (96, 63, 3) (78, 64, 6) (49, 65, 7) (55, 65, 5) (73, 66, 9) (51, 67, 5) (53, 69, 6) (27, 70, 10) (68, 70, 3) (72, 70, 5) (60, 71, 5) (24, 72, 4) (48, 72, 8) (61, 72, 4) (6, 73, 4) (21, 74, 6) (41, 75, 3) (29, 76, 2) (50, 76, 6) (54, 76, 6) (75, 77, 8) (32, 78, 4) (33, 78, 4) (94, 78, 2) (20, 79, 6) (88, 79, 3)
Queue1 : (45, 5, 4) (19, 11, 7) (80, 12, 4) (92, 18, 10)
Queue2 : (2, 10, 2) (91, 14, 8) (46, 16, 5)
Queue3 : (15, 12, 5) (63, 13, 5) (59, 15, 6) (57, 20, 6)
Queue4 : (83, 9, 7) (76, 12, 8) (100, 19, 2) (87, 21, 3)

Time: 23
Waiting clients:  (26, 24, 5) (77, 24, 3) (17, 25, 5) (18, 25, 9) (66, 26, 5) (7, 27, 2) (64, 27, 3) (79, 27, 7) (84, 27, 9) (93, 27, 3) (40, 30, 7) (97, 31, 7) (98, 31, 8) (42, 33, 9) (37, 35, 6) (11, 36, 10) (3, 38, 3) (30, 38, 7) (47, 38, 2) (10, 39, 7) (22, 39, 6) (90, 39, 7) (62, 40, 5) (9, 41, 8) (56, 44, 5) (4, 45, 3) (34, 45, 3) (74, 45, 5) (67, 46, 10) (1, 47, 6) (23, 47, 3) (52, 47, 6) (85, 47, 8) (39, 48, 4) (36, 52, 10) (14, 53, 8) (81, 54, 6) (58, 55, 7) (99, 55, 3) (65, 56, 6) (13, 57, 4) (89, 57, 3) (16, 58, 6) (70, 59, 3) (38, 60, 3) (43, 62, 4) (44, 62, 5) (86, 62, 6) (28, 63, 7) (96, 63, 3) (78, 64, 6) (49, 65, 7) (55, 65, 5) (73, 66, 9) (51, 67, 5) (53, 69, 6) (27, 70, 10) (68, 70, 3) (72, 70, 5) (60, 71, 5) (24, 72, 4) (48, 72, 8) (61, 72, 4) (6, 73, 4) (21, 74, 6) (41, 75, 3) (29, 76, 2) (50, 76, 6) (54, 76, 6) (75, 77, 8) (32, 78, 4) (33, 78, 4) (94, 78, 2) (20, 79, 6) (88, 79, 3)
Queue1 : (45, 5, 3) (19, 11, 7) (80, 12, 4) (92, 18, 10)
Queue2 : (2, 10, 1) (91, 14, 8) (46, 16, 5)
Queue3 : (15, 12, 4) (63, 13, 5) (59, 15, 6) (57, 20, 6)
Queue4 : (83, 9, 6) (76, 12, 8) (100, 19, 2) (87, 21, 3)

Time: 24
Waiting clients:  (17, 25, 5) (18, 25, 9) (66, 26, 5) (7, 27, 2) (64, 27, 3) (79, 27, 7) (84, 27, 9) (93, 27, 3) (40, 30, 7) (97, 31, 7) (98, 31, 8) (42, 33, 9) (37, 35, 6) (11, 36, 10) (3, 38, 3) (30, 38, 7) (47, 38, 2) (10, 39, 7) (22, 39, 6) (90, 39, 7) (62, 40, 5) (9, 41, 8) (56, 44, 5) (4, 45, 3) (34, 45, 3) (74, 45, 5) (67, 46, 10) (1, 47, 6) (23, 47, 3) (52, 47, 6) (85, 47, 8) (39, 48, 4) (36, 52, 10) (14, 53, 8) (81, 54, 6) (58, 55, 7) (99, 55, 3) (65, 56, 6) (13, 57, 4) (89, 57, 3) (16, 58, 6) (70, 59, 3) (38, 60, 3) (43, 62, 4) (44, 62, 5) (86, 62, 6) (28, 63, 7) (96, 63, 3) (78, 64, 6) (49, 65, 7) (55, 65, 5) (73, 66, 9) (51, 67, 5) (53, 69, 6) (27, 70, 10) (68, 70, 3) (72, 70, 5) (60, 71, 5) (24, 72, 4) (48, 72, 8) (61, 72, 4) (6, 73, 4) (21, 74, 6) (41, 75, 3) (29, 76, 2) (50, 76, 6) (54, 76, 6) (75, 77, 8) (32, 78, 4) (33, 78, 4) (94, 78, 2) (20, 79, 6) (88, 79, 3)
Queue1 : (45, 5, 2) (19, 11, 7) (80, 12, 4) (92, 18, 10)
Queue2 : (91, 14, 8) (46, 16, 5) (26, 24, 5) (77, 24, 3)
Queue3 : (15, 12, 3) (63, 13, 5) (59, 15, 6) (57, 20, 6)
Queue4 : (83, 9, 5) (76, 12, 8) (100, 19, 2) (87, 21, 3)

Time: 25
Waiting clients:  (66, 26, 5) (7, 27, 2) (64, 27, 3) (79, 27, 7) (84, 27, 9) (93, 27, 3) (40, 30, 7) (97, 31, 7) (98, 31, 8) (42, 33, 9) (37, 35, 6) (11, 36, 10) (3, 38, 3) (30, 38, 7) (47, 38, 2) (10, 39, 7) (22, 39, 6) (90, 39, 7) (62, 40, 5) (9, 41, 8) (56, 44, 5) (4, 45, 3) (34, 45, 3) (74, 45, 5) (67, 46, 10) (1, 47, 6) (23, 47, 3) (52, 47, 6) (85, 47, 8) (39, 48, 4) (36, 52, 10) (14, 53, 8) (81, 54, 6) (58, 55, 7) (99, 55, 3) (65, 56, 6) (13, 57, 4) (89, 57, 3) (16, 58, 6) (70, 59, 3) (38, 60, 3) (43, 62, 4) (44, 62, 5) (86, 62, 6) (28, 63, 7) (96, 63, 3) (78, 64, 6) (49, 65, 7) (55, 65, 5) (73, 66, 9) (51, 67, 5) (53, 69, 6) (27, 70, 10) (68, 70, 3) (72, 70, 5) (60, 71, 5) (24, 72, 4) (48, 72, 8) (61, 72, 4) (6, 73, 4) (21, 74, 6) (41, 75, 3) (29, 76, 2) (50, 76, 6) (54, 76, 6) (75, 77, 8) (32, 78, 4) (33, 78, 4) (94, 78, 2) (20, 79, 6) (88, 79, 3)
Queue1 : (45, 5, 1) (19, 11, 7) (80, 12, 4) (92, 18, 10) (17, 25, 5)
Queue2 : (91, 14, 7) (46, 16, 5) (26, 24, 5) (77, 24, 3) (18, 25, 9)
Queue3 : (15, 12, 2) (63, 13, 5) (59, 15, 6) (57, 20, 6)
Queue4 : (83, 9, 4) (76, 12, 8) (100, 19, 2) (87, 21, 3)

Time: 26
Waiting clients:  (7, 27, 2) (64, 27, 3) (79, 27, 7) (84, 27, 9) (93, 27, 3) (40, 30, 7) (97, 31, 7) (98, 31, 8) (42, 33, 9) (37, 35, 6) (11, 36, 10) (3, 38, 3) (30, 38, 7) (47, 38, 2) (10, 39, 7) (22, 39, 6) (90, 39, 7) (62, 40, 5) (9, 41, 8) (56, 44, 5) (4, 45, 3) (34, 45, 3) (74, 45, 5) (67, 46, 10) (1, 47, 6) (23, 47, 3) (52, 47, 6) (85, 47, 8) (39, 48, 4) (36, 52, 10) (14, 53, 8) (81, 54, 6) (58, 55, 7) (99, 55, 3) (65, 56, 6) (13, 57, 4) (89, 57, 3) (16, 58, 6) (70, 59, 3) (38, 60, 3) (43, 62, 4) (44, 62, 5) (86, 62, 6) (28, 63, 7) (96, 63, 3) (78, 64, 6) (49, 65, 7) (55, 65, 5) (73, 66, 9) (51, 67, 5) (53, 69, 6) (27, 70, 10) (68, 70, 3) (72, 70, 5) (60, 71, 5) (24, 72, 4) (48, 72, 8) (61, 72, 4) (6, 73, 4) (21, 74, 6) (41, 75, 3) (29, 76, 2) (50, 76, 6) (54, 76, 6) (75, 77, 8) (32, 78, 4) (33, 78, 4) (94, 78, 2) (20, 79, 6) (88, 79, 3)
Queue1 : (19, 11, 7) (80, 12, 4) (92, 18, 10) (17, 25, 5) (66, 26, 5)
Queue2 : (91, 14, 6) (46, 16, 5) (26, 24, 5) (77, 24, 3) (18, 25, 9)
Queue3 : (15, 12, 1) (63, 13, 5) (59, 15, 6) (57, 20, 6)
Queue4 : (83, 9, 3) (76, 12, 8) (100, 19, 2) (87, 21, 3)

Time: 27
Waiting clients:  (40, 30, 7) (97, 31, 7) (98, 31, 8) (42, 33, 9) (37, 35, 6) (11, 36, 10) (3, 38, 3) (30, 38, 7) (47, 38, 2) (10, 39, 7) (22, 39, 6) (90, 39, 7) (62, 40, 5) (9, 41, 8) (56, 44, 5) (4, 45, 3) (34, 45, 3) (74, 45, 5) (67, 46, 10) (1, 47, 6) (23, 47, 3) (52, 47, 6) (85, 47, 8) (39, 48, 4) (36, 52, 10) (14, 53, 8) (81, 54, 6) (58, 55, 7) (99, 55, 3) (65, 56, 6) (13, 57, 4) (89, 57, 3) (16, 58, 6) (70, 59, 3) (38, 60, 3) (43, 62, 4) (44, 62, 5) (86, 62, 6) (28, 63, 7) (96, 63, 3) (78, 64, 6) (49, 65, 7) (55, 65, 5) (73, 66, 9) (51, 67, 5) (53, 69, 6) (27, 70, 10) (68, 70, 3) (72, 70, 5) (60, 71, 5) (24, 72, 4) (48, 72, 8) (61, 72, 4) (6, 73, 4) (21, 74, 6) (41, 75, 3) (29, 76, 2) (50, 76, 6) (54, 76, 6) (75, 77, 8) (32, 78, 4) (33, 78, 4) (94, 78, 2) (20, 79, 6) (88, 79, 3)
Queue1 : (19, 11, 6) (80, 12, 4) (92, 18, 10) (17, 25, 5) (66, 26, 5) (84, 27, 9)
Queue2 : (91, 14, 5) (46, 16, 5) (26, 24, 5) (77, 24, 3) (18, 25, 9) (93, 27, 3)
Queue3 : (63, 13, 5) (59, 15, 6) (57, 20, 6) (7, 27, 2) (64, 27, 3)
Queue4 : (83, 9, 2) (76, 12, 8) (100, 19, 2) (87, 21, 3) (79, 27, 7)

Time: 28
Waiting clients:  (40, 30, 7) (97, 31, 7) (98, 31, 8) (42, 33, 9) (37, 35, 6) (11, 36, 10) (3, 38, 3) (30, 38, 7) (47, 38, 2) (10, 39, 7) (22, 39, 6) (90, 39, 7) (62, 40, 5) (9, 41, 8) (56, 44, 5) (4, 45, 3) (34, 45, 3) (74, 45, 5) (67, 46, 10) (1, 47, 6) (23, 47, 3) (52, 47, 6) (85, 47, 8) (39, 48, 4) (36, 52, 10) (14, 53, 8) (81, 54, 6) (58, 55, 7) (99, 55, 3) (65, 56, 6) (13, 57, 4) (89, 57, 3) (16, 58, 6) (70, 59, 3) (38, 60, 3) (43, 62, 4) (44, 62, 5) (86, 62, 6) (28, 63, 7) (96, 63, 3) (78, 64, 6) (49, 65, 7) (55, 65, 5) (73, 66, 9) (51, 67, 5) (53, 69, 6) (27, 70, 10) (68, 70, 3) (72, 70, 5) (60, 71, 5) (24, 72, 4) (48, 72, 8) (61, 72, 4) (6, 73, 4) (21, 74, 6) (41, 75, 3) (29, 76, 2) (50, 76, 6) (54, 76, 6) (75, 77, 8) (32, 78, 4) (33, 78, 4) (94, 78, 2) (20, 79, 6) (88, 79, 3)
Queue1 : (19, 11, 5) (80, 12, 4) (92, 18, 10) (17, 25, 5) (66, 26, 5) (84, 27, 9)
Queue2 : (91, 14, 4) (46, 16, 5) (26, 24, 5) (77, 24, 3) (18, 25, 9) (93, 27, 3)
Queue3 : (63, 13, 4) (59, 15, 6) (57, 20, 6) (7, 27, 2) (64, 27, 3)
Queue4 : (83, 9, 1) (76, 12, 8) (100, 19, 2) (87, 21, 3) (79, 27, 7)

Time: 29
Waiting clients:  (40, 30, 7) (97, 31, 7) (98, 31, 8) (42, 33, 9) (37, 35, 6) (11, 36, 10) (3, 38, 3) (30, 38, 7) (47, 38, 2) (10, 39, 7) (22, 39, 6) (90, 39, 7) (62, 40, 5) (9, 41, 8) (56, 44, 5) (4, 45, 3) (34, 45, 3) (74, 45, 5) (67, 46, 10) (1, 47, 6) (23, 47, 3) (52, 47, 6) (85, 47, 8) (39, 48, 4) (36, 52, 10) (14, 53, 8) (81, 54, 6) (58, 55, 7) (99, 55, 3) (65, 56, 6) (13, 57, 4) (89, 57, 3) (16, 58, 6) (70, 59, 3) (38, 60, 3) (43, 62, 4) (44, 62, 5) (86, 62, 6) (28, 63, 7) (96, 63, 3) (78, 64, 6) (49, 65, 7) (55, 65, 5) (73, 66, 9) (51, 67, 5) (53, 69, 6) (27, 70, 10) (68, 70, 3) (72, 70, 5) (60, 71, 5) (24, 72, 4) (48, 72, 8) (61, 72, 4) (6, 73, 4) (21, 74, 6) (41, 75, 3) (29, 76, 2) (50, 76, 6) (54, 76, 6) (75, 77, 8) (32, 78, 4) (33, 78, 4) (94, 78, 2) (20, 79, 6) (88, 79, 3)
Queue1 : (19, 11, 4) (80, 12, 4) (92, 18, 10) (17, 25, 5) (66, 26, 5) (84, 27, 9)
Queue2 : (91, 14, 3) (46, 16, 5) (26, 24, 5) (77, 24, 3) (18, 25, 9) (93, 27, 3)
Queue3 : (63, 13, 3) (59, 15, 6) (57, 20, 6) (7, 27, 2) (64, 27, 3)
Queue4 : (76, 12, 8) (100, 19, 2) (87, 21, 3) (79, 27, 7)

Time: 30
Waiting clients:  (97, 31, 7) (98, 31, 8) (42, 33, 9) (37, 35, 6) (11, 36, 10) (3, 38, 3) (30, 38, 7) (47, 38, 2) (10, 39, 7) (22, 39, 6) (90, 39, 7) (62, 40, 5) (9, 41, 8) (56, 44, 5) (4, 45, 3) (34, 45, 3) (74, 45, 5) (67, 46, 10) (1, 47, 6) (23, 47, 3) (52, 47, 6) (85, 47, 8) (39, 48, 4) (36, 52, 10) (14, 53, 8) (81, 54, 6) (58, 55, 7) (99, 55, 3) (65, 56, 6) (13, 57, 4) (89, 57, 3) (16, 58, 6) (70, 59, 3) (38, 60, 3) (43, 62, 4) (44, 62, 5) (86, 62, 6) (28, 63, 7) (96, 63, 3) (78, 64, 6) (49, 65, 7) (55, 65, 5) (73, 66, 9) (51, 67, 5) (53, 69, 6) (27, 70, 10) (68, 70, 3) (72, 70, 5) (60, 71, 5) (24, 72, 4) (48, 72, 8) (61, 72, 4) (6, 73, 4) (21, 74, 6) (41, 75, 3) (29, 76, 2) (50, 76, 6) (54, 76, 6) (75, 77, 8) (32, 78, 4) (33, 78, 4) (94, 78, 2) (20, 79, 6) (88, 79, 3)
Queue1 : (19, 11, 3) (80, 12, 4) (92, 18, 10) (17, 25, 5) (66, 26, 5) (84, 27, 9)
Queue2 : (91, 14, 2) (46, 16, 5) (26, 24, 5) (77, 24, 3) (18, 25, 9) (93, 27, 3)
Queue3 : (63, 13, 2) (59, 15, 6) (57, 20, 6) (7, 27, 2) (64, 27, 3)
Queue4 : (76, 12, 7) (100, 19, 2) (87, 21, 3) (79, 27, 7) (40, 30, 7)

Time: 31
Waiting clients:  (42, 33, 9) (37, 35, 6) (11, 36, 10) (3, 38, 3) (30, 38, 7) (47, 38, 2) (10, 39, 7) (22, 39, 6) (90, 39, 7) (62, 40, 5) (9, 41, 8) (56, 44, 5) (4, 45, 3) (34, 45, 3) (74, 45, 5) (67, 46, 10) (1, 47, 6) (23, 47, 3) (52, 47, 6) (85, 47, 8) (39, 48, 4) (36, 52, 10) (14, 53, 8) (81, 54, 6) (58, 55, 7) (99, 55, 3) (65, 56, 6) (13, 57, 4) (89, 57, 3) (16, 58, 6) (70, 59, 3) (38, 60, 3) (43, 62, 4) (44, 62, 5) (86, 62, 6) (28, 63, 7) (96, 63, 3) (78, 64, 6) (49, 65, 7) (55, 65, 5) (73, 66, 9) (51, 67, 5) (53, 69, 6) (27, 70, 10) (68, 70, 3) (72, 70, 5) (60, 71, 5) (24, 72, 4) (48, 72, 8) (61, 72, 4) (6, 73, 4) (21, 74, 6) (41, 75, 3) (29, 76, 2) (50, 76, 6) (54, 76, 6) (75, 77, 8) (32, 78, 4) (33, 78, 4) (94, 78, 2) (20, 79, 6) (88, 79, 3)
Queue1 : (19, 11, 2) (80, 12, 4) (92, 18, 10) (17, 25, 5) (66, 26, 5) (84, 27, 9)
Queue2 : (91, 14, 1) (46, 16, 5) (26, 24, 5) (77, 24, 3) (18, 25, 9) (93, 27, 3)
Queue3 : (63, 13, 1) (59, 15, 6) (57, 20, 6) (7, 27, 2) (64, 27, 3) (97, 31, 7)
Queue4 : (76, 12, 6) (100, 19, 2) (87, 21, 3) (79, 27, 7) (40, 30, 7) (98, 31, 8)

Time: 32
Waiting clients:  (42, 33, 9) (37, 35, 6) (11, 36, 10) (3, 38, 3) (30, 38, 7) (47, 38, 2) (10, 39, 7) (22, 39, 6) (90, 39, 7) (62, 40, 5) (9, 41, 8) (56, 44, 5) (4, 45, 3) (34, 45, 3) (74, 45, 5) (67, 46, 10) (1, 47, 6) (23, 47, 3) (52, 47, 6) (85, 47, 8) (39, 48, 4) (36, 52, 10) (14, 53, 8) (81, 54, 6) (58, 55, 7) (99, 55, 3) (65, 56, 6) (13, 57, 4) (89, 57, 3) (16, 58, 6) (70, 59, 3) (38, 60, 3) (43, 62, 4) (44, 62, 5) (86, 62, 6) (28, 63, 7) (96, 63, 3) (78, 64, 6) (49, 65, 7) (55, 65, 5) (73, 66, 9) (51, 67, 5) (53, 69, 6) (27, 70, 10) (68, 70, 3) (72, 70, 5) (60, 71, 5) (24, 72, 4) (48, 72, 8) (61, 72, 4) (6, 73, 4) (21, 74, 6) (41, 75, 3) (29, 76, 2) (50, 76, 6) (54, 76, 6) (75, 77, 8) (32, 78, 4) (33, 78, 4) (94, 78, 2) (20, 79, 6) (88, 79, 3)
Queue1 : (19, 11, 1) (80, 12, 4) (92, 18, 10) (17, 25, 5) (66, 26, 5) (84, 27, 9)
Queue2 : (46, 16, 5) (26, 24, 5) (77, 24, 3) (18, 25, 9) (93, 27, 3)
Queue3 : (59, 15, 6) (57, 20, 6) (7, 27, 2) (64, 27, 3) (97, 31, 7)
Queue4 : (76, 12, 5) (100, 19, 2) (87, 21, 3) (79, 27, 7) (40, 30, 7) (98, 31, 8)

Time: 33
Waiting clients:  (37, 35, 6) (11, 36, 10) (3, 38, 3) (30, 38, 7) (47, 38, 2) (10, 39, 7) (22, 39, 6) (90, 39, 7) (62, 40, 5) (9, 41, 8) (56, 44, 5) (4, 45, 3) (34, 45, 3) (74, 45, 5) (67, 46, 10) (1, 47, 6) (23, 47, 3) (52, 47, 6) (85, 47, 8) (39, 48, 4) (36, 52, 10) (14, 53, 8) (81, 54, 6) (58, 55, 7) (99, 55, 3) (65, 56, 6) (13, 57, 4) (89, 57, 3) (16, 58, 6) (70, 59, 3) (38, 60, 3) (43, 62, 4) (44, 62, 5) (86, 62, 6) (28, 63, 7) (96, 63, 3) (78, 64, 6) (49, 65, 7) (55, 65, 5) (73, 66, 9) (51, 67, 5) (53, 69, 6) (27, 70, 10) (68, 70, 3) (72, 70, 5) (60, 71, 5) (24, 72, 4) (48, 72, 8) (61, 72, 4) (6, 73, 4) (21, 74, 6) (41, 75, 3) (29, 76, 2) (50, 76, 6) (54, 76, 6) (75, 77, 8) (32, 78, 4) (33, 78, 4) (94, 78, 2) (20, 79, 6) (88, 79, 3)
Queue1 : (80, 12, 4) (92, 18, 10) (17, 25, 5) (66, 26, 5) (84, 27, 9) (42, 33, 9)
Queue2 : (46, 16, 4) (26, 24, 5) (77, 24, 3) (18, 25, 9) (93, 27, 3)
Queue3 : (59, 15, 5) (57, 20, 6) (7, 27, 2) (64, 27, 3) (97, 31, 7)
Queue4 : (76, 12, 4) (100, 19, 2) (87, 21, 3) (79, 27, 7) (40, 30, 7) (98, 31, 8)

Time: 34
Waiting clients:  (37, 35, 6) (11, 36, 10) (3, 38, 3) (30, 38, 7) (47, 38, 2) (10, 39, 7) (22, 39, 6) (90, 39, 7) (62, 40, 5) (9, 41, 8) (56, 44, 5) (4, 45, 3) (34, 45, 3) (74, 45, 5) (67, 46, 10) (1, 47, 6) (23, 47, 3) (52, 47, 6) (85, 47, 8) (39, 48, 4) (36, 52, 10) (14, 53, 8) (81, 54, 6) (58, 55, 7) (99, 55, 3) (65, 56, 6) (13, 57, 4) (89, 57, 3) (16, 58, 6) (70, 59, 3) (38, 60, 3) (43, 62, 4) (44, 62, 5) (86, 62, 6) (28, 63, 7) (96, 63, 3) (78, 64, 6) (49, 65, 7) (55, 65, 5) (73, 66, 9) (51, 67, 5) (53, 69, 6) (27, 70, 10) (68, 70, 3) (72, 70, 5) (60, 71, 5) (24, 72, 4) (48, 72, 8) (61, 72, 4) (6, 73, 4) (21, 74, 6) (41, 75, 3) (29, 76, 2) (50, 76, 6) (54, 76, 6) (75, 77, 8) (32, 78, 4) (33, 78, 4) (94, 78, 2) (20, 79, 6) (88, 79, 3)
Queue1 : (80, 12, 3) (92, 18, 10) (17, 25, 5) (66, 26, 5) (84, 27, 9) (42, 33, 9)
Queue2 : (46, 16, 3) (26, 24, 5) (77, 24, 3) (18, 25, 9) (93, 27, 3)
Queue3 : (59, 15, 4) (57, 20, 6) (7, 27, 2) (64, 27, 3) (97, 31, 7)
Queue4 : (76, 12, 3) (100, 19, 2) (87, 21, 3) (79, 27, 7) (40, 30, 7) (98, 31, 8)

Time: 35
Waiting clients:  (11, 36, 10) (3, 38, 3) (30, 38, 7) (47, 38, 2) (10, 39, 7) (22, 39, 6) (90, 39, 7) (62, 40, 5) (9, 41, 8) (56, 44, 5) (4, 45, 3) (34, 45, 3) (74, 45, 5) (67, 46, 10) (1, 47, 6) (23, 47, 3) (52, 47, 6) (85, 47, 8) (39, 48, 4) (36, 52, 10) (14, 53, 8) (81, 54, 6) (58, 55, 7) (99, 55, 3) (65, 56, 6) (13, 57, 4) (89, 57, 3) (16, 58, 6) (70, 59, 3) (38, 60, 3) (43, 62, 4) (44, 62, 5) (86, 62, 6) (28, 63, 7) (96, 63, 3) (78, 64, 6) (49, 65, 7) (55, 65, 5) (73, 66, 9) (51, 67, 5) (53, 69, 6) (27, 70, 10) (68, 70, 3) (72, 70, 5) (60, 71, 5) (24, 72, 4) (48, 72, 8) (61, 72, 4) (6, 73, 4) (21, 74, 6) (41, 75, 3) (29, 76, 2) (50, 76, 6) (54, 76, 6) (75, 77, 8) (32, 78, 4) (33, 78, 4) (94, 78, 2) (20, 79, 6) (88, 79, 3)
Queue1 : (80, 12, 2) (92, 18, 10) (17, 25, 5) (66, 26, 5) (84, 27, 9) (42, 33, 9)
Queue2 : (46, 16, 2) (26, 24, 5) (77, 24, 3) (18, 25, 9) (93, 27, 3) (37, 35, 6)
Queue3 : (59, 15, 3) (57, 20, 6) (7, 27, 2) (64, 27, 3) (97, 31, 7)
Queue4 : (76, 12, 2) (100, 19, 2) (87, 21, 3) (79, 27, 7) (40, 30, 7) (98, 31, 8)

Time: 36
Waiting clients:  (3, 38, 3) (30, 38, 7) (47, 38, 2) (10, 39, 7) (22, 39, 6) (90, 39, 7) (62, 40, 5) (9, 41, 8) (56, 44, 5) (4, 45, 3) (34, 45, 3) (74, 45, 5) (67, 46, 10) (1, 47, 6) (23, 47, 3) (52, 47, 6) (85, 47, 8) (39, 48, 4) (36, 52, 10) (14, 53, 8) (81, 54, 6) (58, 55, 7) (99, 55, 3) (65, 56, 6) (13, 57, 4) (89, 57, 3) (16, 58, 6) (70, 59, 3) (38, 60, 3) (43, 62, 4) (44, 62, 5) (86, 62, 6) (28, 63, 7) (96, 63, 3) (78, 64, 6) (49, 65, 7) (55, 65, 5) (73, 66, 9) (51, 67, 5) (53, 69, 6) (27, 70, 10) (68, 70, 3) (72, 70, 5) (60, 71, 5) (24, 72, 4) (48, 72, 8) (61, 72, 4) (6, 73, 4) (21, 74, 6) (41, 75, 3) (29, 76, 2) (50, 76, 6) (54, 76, 6) (75, 77, 8) (32, 78, 4) (33, 78, 4) (94, 78, 2) (20, 79, 6) (88, 79, 3)
Queue1 : (80, 12, 1) (92, 18, 10) (17, 25, 5) (66, 26, 5) (84, 27, 9) (42, 33, 9)
Queue2 : (46, 16, 1) (26, 24, 5) (77, 24, 3) (18, 25, 9) (93, 27, 3) (37, 35, 6)
Queue3 : (59, 15, 2) (57, 20, 6) (7, 27, 2) (64, 27, 3) (97, 31, 7) (11, 36, 10)
Queue4 : (76, 12, 1) (100, 19, 2) (87, 21, 3) (79, 27, 7) (40, 30, 7) (98, 31, 8)

Time: 37
Waiting clients:  (3, 38, 3) (30, 38, 7) (47, 38, 2) (10, 39, 7) (22, 39, 6) (90, 39, 7) (62, 40, 5) (9, 41, 8) (56, 44, 5) (4, 45, 3) (34, 45, 3) (74, 45, 5) (67, 46, 10) (1, 47, 6) (23, 47, 3) (52, 47, 6) (85, 47, 8) (39, 48, 4) (36, 52, 10) (14, 53, 8) (81, 54, 6) (58, 55, 7) (99, 55, 3) (65, 56, 6) (13, 57, 4) (89, 57, 3) (16, 58, 6) (70, 59, 3) (38, 60, 3) (43, 62, 4) (44, 62, 5) (86, 62, 6) (28, 63, 7) (96, 63, 3) (78, 64, 6) (49, 65, 7) (55, 65, 5) (73, 66, 9) (51, 67, 5) (53, 69, 6) (27, 70, 10) (68, 70, 3) (72, 70, 5) (60, 71, 5) (24, 72, 4) (48, 72, 8) (61, 72, 4) (6, 73, 4) (21, 74, 6) (41, 75, 3) (29, 76, 2) (50, 76, 6) (54, 76, 6) (75, 77, 8) (32, 78, 4) (33, 78, 4) (94, 78, 2) (20, 79, 6) (88, 79, 3)
Queue1 : (92, 18, 10) (17, 25, 5) (66, 26, 5) (84, 27, 9) (42, 33, 9)
Queue2 : (26, 24, 5) (77, 24, 3) (18, 25, 9) (93, 27, 3) (37, 35, 6)
Queue3 : (59, 15, 1) (57, 20, 6) (7, 27, 2) (64, 27, 3) (97, 31, 7) (11, 36, 10)
Queue4 : (100, 19, 2) (87, 21, 3) (79, 27, 7) (40, 30, 7) (98, 31, 8)

Time: 38
Waiting clients:  (10, 39, 7) (22, 39, 6) (90, 39, 7) (62, 40, 5) (9, 41, 8) (56, 44, 5) (4, 45, 3) (34, 45, 3) (74, 45, 5) (67, 46, 10) (1, 47, 6) (23, 47, 3) (52, 47, 6) (85, 47, 8) (39, 48, 4) (36, 52, 10) (14, 53, 8) (81, 54, 6) (58, 55, 7) (99, 55, 3) (65, 56, 6) (13, 57, 4) (89, 57, 3) (16, 58, 6) (70, 59, 3) (38, 60, 3) (43, 62, 4) (44, 62, 5) (86, 62, 6) (28, 63, 7) (96, 63, 3) (78, 64, 6) (49, 65, 7) (55, 65, 5) (73, 66, 9) (51, 67, 5) (53, 69, 6) (27, 70, 10) (68, 70, 3) (72, 70, 5) (60, 71, 5) (24, 72, 4) (48, 72, 8) (61, 72, 4) (6, 73, 4) (21, 74, 6) (41, 75, 3) (29, 76, 2) (50, 76, 6) (54, 76, 6) (75, 77, 8) (32, 78, 4) (33, 78, 4) (94, 78, 2) (20, 79, 6) (88, 79, 3)
Queue1 : (92, 18, 9) (17, 25, 5) (66, 26, 5) (84, 27, 9) (42, 33, 9) (3, 38, 3)
Queue2 : (26, 24, 4) (77, 24, 3) (18, 25, 9) (93, 27, 3) (37, 35, 6) (30, 38, 7)
Queue3 : (57, 20, 6) (7, 27, 2) (64, 27, 3) (97, 31, 7) (11, 36, 10) (47, 38, 2)
Queue4 : (100, 19, 1) (87, 21, 3) (79, 27, 7) (40, 30, 7) (98, 31, 8)

Time: 39
Waiting clients:  (62, 40, 5) (9, 41, 8) (56, 44, 5) (4, 45, 3) (34, 45, 3) (74, 45, 5) (67, 46, 10) (1, 47, 6) (23, 47, 3) (52, 47, 6) (85, 47, 8) (39, 48, 4) (36, 52, 10) (14, 53, 8) (81, 54, 6) (58, 55, 7) (99, 55, 3) (65, 56, 6) (13, 57, 4) (89, 57, 3) (16, 58, 6) (70, 59, 3) (38, 60, 3) (43, 62, 4) (44, 62, 5) (86, 62, 6) (28, 63, 7) (96, 63, 3) (78, 64, 6) (49, 65, 7) (55, 65, 5) (73, 66, 9) (51, 67, 5) (53, 69, 6) (27, 70, 10) (68, 70, 3) (72, 70, 5) (60, 71, 5) (24, 72, 4) (48, 72, 8) (61, 72, 4) (6, 73, 4) (21, 74, 6) (41, 75, 3) (29, 76, 2) (50, 76, 6) (54, 76, 6) (75, 77, 8) (32, 78, 4) (33, 78, 4) (94, 78, 2) (20, 79, 6) (88, 79, 3)
Queue1 : (92, 18, 8) (17, 25, 5) (66, 26, 5) (84, 27, 9) (42, 33, 9) (3, 38, 3) (90, 39, 7)
Queue2 : (26, 24, 3) (77, 24, 3) (18, 25, 9) (93, 27, 3) (37, 35, 6) (30, 38, 7)
Queue3 : (57, 20, 5) (7, 27, 2) (64, 27, 3) (97, 31, 7) (11, 36, 10) (47, 38, 2)
Queue4 : (87, 21, 3) (79, 27, 7) (40, 30, 7) (98, 31, 8) (10, 39, 7) (22, 39, 6)

Time: 40
Waiting clients:  (9, 41, 8) (56, 44, 5) (4, 45, 3) (34, 45, 3) (74, 45, 5) (67, 46, 10) (1, 47, 6) (23, 47, 3) (52, 47, 6) (85, 47, 8) (39, 48, 4) (36, 52, 10) (14, 53, 8) (81, 54, 6) (58, 55, 7) (99, 55, 3) (65, 56, 6) (13, 57, 4) (89, 57, 3) (16, 58, 6) (70, 59, 3) (38, 60, 3) (43, 62, 4) (44, 62, 5) (86, 62, 6) (28, 63, 7) (96, 63, 3) (78, 64, 6) (49, 65, 7) (55, 65, 5) (73, 66, 9) (51, 67, 5) (53, 69, 6) (27, 70, 10) (68, 70, 3) (72, 70, 5) (60, 71, 5) (24, 72, 4) (48, 72, 8) (61, 72, 4) (6, 73, 4) (21, 74, 6) (41, 75, 3) (29, 76, 2) (50, 76, 6) (54, 76, 6) (75, 77, 8) (32, 78, 4) (33, 78, 4) (94, 78, 2) (20, 79, 6) (88, 79, 3)
Queue1 : (92, 18, 7) (17, 25, 5) (66, 26, 5) (84, 27, 9) (42, 33, 9) (3, 38, 3) (90, 39, 7)
Queue2 : (26, 24, 2) (77, 24, 3) (18, 25, 9) (93, 27, 3) (37, 35, 6) (30, 38, 7) (62, 40, 5)
Queue3 : (57, 20, 4) (7, 27, 2) (64, 27, 3) (97, 31, 7) (11, 36, 10) (47, 38, 2)
Queue4 : (87, 21, 2) (79, 27, 7) (40, 30, 7) (98, 31, 8) (10, 39, 7) (22, 39, 6)

Time: 41
Waiting clients:  (56, 44, 5) (4, 45, 3) (34, 45, 3) (74, 45, 5) (67, 46, 10) (1, 47, 6) (23, 47, 3) (52, 47, 6) (85, 47, 8) (39, 48, 4) (36, 52, 10) (14, 53, 8) (81, 54, 6) (58, 55, 7) (99, 55, 3) (65, 56, 6) (13, 57, 4) (89, 57, 3) (16, 58, 6) (70, 59, 3) (38, 60, 3) (43, 62, 4) (44, 62, 5) (86, 62, 6) (28, 63, 7) (96, 63, 3) (78, 64, 6) (49, 65, 7) (55, 65, 5) (73, 66, 9) (51, 67, 5) (53, 69, 6) (27, 70, 10) (68, 70, 3) (72, 70, 5) (60, 71, 5) (24, 72, 4) (48, 72, 8) (61, 72, 4) (6, 73, 4) (21, 74, 6) (41, 75, 3) (29, 76, 2) (50, 76, 6) (54, 76, 6) (75, 77, 8) (32, 78, 4) (33, 78, 4) (94, 78, 2) (20, 79, 6) (88, 79, 3)
Queue1 : (92, 18, 6) (17, 25, 5) (66, 26, 5) (84, 27, 9) (42, 33, 9) (3, 38, 3) (90, 39, 7)
Queue2 : (26, 24, 1) (77, 24, 3) (18, 25, 9) (93, 27, 3) (37, 35, 6) (30, 38, 7) (62, 40, 5)
Queue3 : (57, 20, 3) (7, 27, 2) (64, 27, 3) (97, 31, 7) (11, 36, 10) (47, 38, 2) (9, 41, 8)
Queue4 : (87, 21, 1) (79, 27, 7) (40, 30, 7) (98, 31, 8) (10, 39, 7) (22, 39, 6)

Time: 42
Waiting clients:  (56, 44, 5) (4, 45, 3) (34, 45, 3) (74, 45, 5) (67, 46, 10) (1, 47, 6) (23, 47, 3) (52, 47, 6) (85, 47, 8) (39, 48, 4) (36, 52, 10) (14, 53, 8) (81, 54, 6) (58, 55, 7) (99, 55, 3) (65, 56, 6) (13, 57, 4) (89, 57, 3) (16, 58, 6) (70, 59, 3) (38, 60, 3) (43, 62, 4) (44, 62, 5) (86, 62, 6) (28, 63, 7) (96, 63, 3) (78, 64, 6) (49, 65, 7) (55, 65, 5) (73, 66, 9) (51, 67, 5) (53, 69, 6) (27, 70, 10) (68, 70, 3) (72, 70, 5) (60, 71, 5) (24, 72, 4) (48, 72, 8) (61, 72, 4) (6, 73, 4) (21, 74, 6) (41, 75, 3) (29, 76, 2) (50, 76, 6) (54, 76, 6) (75, 77, 8) (32, 78, 4) (33, 78, 4) (94, 78, 2) (20, 79, 6) (88, 79, 3)
Queue1 : (92, 18, 5) (17, 25, 5) (66, 26, 5) (84, 27, 9) (42, 33, 9) (3, 38, 3) (90, 39, 7)
Queue2 : (77, 24, 3) (18, 25, 9) (93, 27, 3) (37, 35, 6) (30, 38, 7) (62, 40, 5)
Queue3 : (57, 20, 2) (7, 27, 2) (64, 27, 3) (97, 31, 7) (11, 36, 10) (47, 38, 2) (9, 41, 8)
Queue4 : (79, 27, 7) (40, 30, 7) (98, 31, 8) (10, 39, 7) (22, 39, 6)

Time: 43
Waiting clients:  (56, 44, 5) (4, 45, 3) (34, 45, 3) (74, 45, 5) (67, 46, 10) (1, 47, 6) (23, 47, 3) (52, 47, 6) (85, 47, 8) (39, 48, 4) (36, 52, 10) (14, 53, 8) (81, 54, 6) (58, 55, 7) (99, 55, 3) (65, 56, 6) (13, 57, 4) (89, 57, 3) (16, 58, 6) (70, 59, 3) (38, 60, 3) (43, 62, 4) (44, 62, 5) (86, 62, 6) (28, 63, 7) (96, 63, 3) (78, 64, 6) (49, 65, 7) (55, 65, 5) (73, 66, 9) (51, 67, 5) (53, 69, 6) (27, 70, 10) (68, 70, 3) (72, 70, 5) (60, 71, 5) (24, 72, 4) (48, 72, 8) (61, 72, 4) (6, 73, 4) (21, 74, 6) (41, 75, 3) (29, 76, 2) (50, 76, 6) (54, 76, 6) (75, 77, 8) (32, 78, 4) (33, 78, 4) (94, 78, 2) (20, 79, 6) (88, 79, 3)
Queue1 : (92, 18, 4) (17, 25, 5) (66, 26, 5) (84, 27, 9) (42, 33, 9) (3, 38, 3) (90, 39, 7)
Queue2 : (77, 24, 2) (18, 25, 9) (93, 27, 3) (37, 35, 6) (30, 38, 7) (62, 40, 5)
Queue3 : (57, 20, 1) (7, 27, 2) (64, 27, 3) (97, 31, 7) (11, 36, 10) (47, 38, 2) (9, 41, 8)
Queue4 : (79, 27, 6) (40, 30, 7) (98, 31, 8) (10, 39, 7) (22, 39, 6)

Time: 44
Waiting clients:  (4, 45, 3) (34, 45, 3) (74, 45, 5) (67, 46, 10) (1, 47, 6) (23, 47, 3) (52, 47, 6) (85, 47, 8) (39, 48, 4) (36, 52, 10) (14, 53, 8) (81, 54, 6) (58, 55, 7) (99, 55, 3) (65, 56, 6) (13, 57, 4) (89, 57, 3) (16, 58, 6) (70, 59, 3) (38, 60, 3) (43, 62, 4) (44, 62, 5) (86, 62, 6) (28, 63, 7) (96, 63, 3) (78, 64, 6) (49, 65, 7) (55, 65, 5) (73, 66, 9) (51, 67, 5) (53, 69, 6) (27, 70, 10) (68, 70, 3) (72, 70, 5) (60, 71, 5) (24, 72, 4) (48, 72, 8) (61, 72, 4) (6, 73, 4) (21, 74, 6) (41, 75, 3) (29, 76, 2) (50, 76, 6) (54, 76, 6) (75, 77, 8) (32, 78, 4) (33, 78, 4) (94, 78, 2) (20, 79, 6) (88, 79, 3)
Queue1 : (92, 18, 3) (17, 25, 5) (66, 26, 5) (84, 27, 9) (42, 33, 9) (3, 38, 3) (90, 39, 7)
Queue2 : (77, 24, 1) (18, 25, 9) (93, 27, 3) (37, 35, 6) (30, 38, 7) (62, 40, 5)
Queue3 : (7, 27, 2) (64, 27, 3) (97, 31, 7) (11, 36, 10) (47, 38, 2) (9, 41, 8)
Queue4 : (79, 27, 5) (40, 30, 7) (98, 31, 8) (10, 39, 7) (22, 39, 6) (56, 44, 5)

Time: 45
Waiting clients:  (67, 46, 10) (1, 47, 6) (23, 47, 3) (52, 47, 6) (85, 47, 8) (39, 48, 4) (36, 52, 10) (14, 53, 8) (81, 54, 6) (58, 55, 7) (99, 55, 3) (65, 56, 6) (13, 57, 4) (89, 57, 3) (16, 58, 6) (70, 59, 3) (38, 60, 3) (43, 62, 4) (44, 62, 5) (86, 62, 6) (28, 63, 7) (96, 63, 3) (78, 64, 6) (49, 65, 7) (55, 65, 5) (73, 66, 9) (51, 67, 5) (53, 69, 6) (27, 70, 10) (68, 70, 3) (72, 70, 5) (60, 71, 5) (24, 72, 4) (48, 72, 8) (61, 72, 4) (6, 73, 4) (21, 74, 6) (41, 75, 3) (29, 76, 2) (50, 76, 6) (54, 76, 6) (75, 77, 8) (32, 78, 4) (33, 78, 4) (94, 78, 2) (20, 79, 6) (88, 79, 3)
Queue1 : (92, 18, 2) (17, 25, 5) (66, 26, 5) (84, 27, 9) (42, 33, 9) (3, 38, 3) (90, 39, 7)
Queue2 : (18, 25, 9) (93, 27, 3) (37, 35, 6) (30, 38, 7) (62, 40, 5) (4, 45, 3) (34, 45, 3)
Queue3 : (7, 27, 1) (64, 27, 3) (97, 31, 7) (11, 36, 10) (47, 38, 2) (9, 41, 8) (74, 45, 5)
Queue4 : (79, 27, 4) (40, 30, 7) (98, 31, 8) (10, 39, 7) (22, 39, 6) (56, 44, 5)

Time: 46
Waiting clients:  (1, 47, 6) (23, 47, 3) (52, 47, 6) (85, 47, 8) (39, 48, 4) (36, 52, 10) (14, 53, 8) (81, 54, 6) (58, 55, 7) (99, 55, 3) (65, 56, 6) (13, 57, 4) (89, 57, 3) (16, 58, 6) (70, 59, 3) (38, 60, 3) (43, 62, 4) (44, 62, 5) (86, 62, 6) (28, 63, 7) (96, 63, 3) (78, 64, 6) (49, 65, 7) (55, 65, 5) (73, 66, 9) (51, 67, 5) (53, 69, 6) (27, 70, 10) (68, 70, 3) (72, 70, 5) (60, 71, 5) (24, 72, 4) (48, 72, 8) (61, 72, 4) (6, 73, 4) (21, 74, 6) (41, 75, 3) (29, 76, 2) (50, 76, 6) (54, 76, 6) (75, 77, 8) (32, 78, 4) (33, 78, 4) (94, 78, 2) (20, 79, 6) (88, 79, 3)
Queue1 : (92, 18, 1) (17, 25, 5) (66, 26, 5) (84, 27, 9) (42, 33, 9) (3, 38, 3) (90, 39, 7)
Queue2 : (18, 25, 8) (93, 27, 3) (37, 35, 6) (30, 38, 7) (62, 40, 5) (4, 45, 3) (34, 45, 3)
Queue3 : (64, 27, 3) (97, 31, 7) (11, 36, 10) (47, 38, 2) (9, 41, 8) (74, 45, 5) (67, 46, 10)
Queue4 : (79, 27, 3) (40, 30, 7) (98, 31, 8) (10, 39, 7) (22, 39, 6) (56, 44, 5)

Time: 47
Waiting clients:  (39, 48, 4) (36, 52, 10) (14, 53, 8) (81, 54, 6) (58, 55, 7) (99, 55, 3) (65, 56, 6) (13, 57, 4) (89, 57, 3) (16, 58, 6) (70, 59, 3) (38, 60, 3) (43, 62, 4) (44, 62, 5) (86, 62, 6) (28, 63, 7) (96, 63, 3) (78, 64, 6) (49, 65, 7) (55, 65, 5) (73, 66, 9) (51, 67, 5) (53, 69, 6) (27, 70, 10) (68, 70, 3) (72, 70, 5) (60, 71, 5) (24, 72, 4) (48, 72, 8) (61, 72, 4) (6, 73, 4) (21, 74, 6) (41, 75, 3) (29, 76, 2) (50, 76, 6) (54, 76, 6) (75, 77, 8) (32, 78, 4) (33, 78, 4) (94, 78, 2) (20, 79, 6) (88, 79, 3)
Queue1 : (17, 25, 5) (66, 26, 5) (84, 27, 9) (42, 33, 9) (3, 38, 3) (90, 39, 7) (1, 47, 6) (52, 47, 6)
Queue2 : (18, 25, 7) (93, 27, 3) (37, 35, 6) (30, 38, 7) (62, 40, 5) (4, 45, 3) (34, 45, 3) (85, 47, 8)
Queue3 : (64, 27, 2) (97, 31, 7) (11, 36, 10) (47, 38, 2) (9, 41, 8) (74, 45, 5) (67, 46, 10)
Queue4 : (79, 27, 2) (40, 30, 7) (98, 31, 8) (10, 39, 7) (22, 39, 6) (56, 44, 5) (23, 47, 3)

Time: 48
Waiting clients:  (36, 52, 10) (14, 53, 8) (81, 54, 6) (58, 55, 7) (99, 55, 3) (65, 56, 6) (13, 57, 4) (89, 57, 3) (16, 58, 6) (70, 59, 3) (38, 60, 3) (43, 62, 4) (44, 62, 5) (86, 62, 6) (28, 63, 7) (96, 63, 3) (78, 64, 6) (49, 65, 7) (55, 65, 5) (73, 66, 9) (51, 67, 5) (53, 69, 6) (27, 70, 10) (68, 70, 3) (72, 70, 5) (60, 71, 5) (24, 72, 4) (48, 72, 8) (61, 72, 4) (6, 73, 4) (21, 74, 6) (41, 75, 3) (29, 76, 2) (50, 76, 6) (54, 76, 6) (75, 77, 8) (32, 78, 4) (33, 78, 4) (94, 78, 2) (20, 79, 6) (88, 79, 3)
Queue1 : (17, 25, 4) (66, 26, 5) (84, 27, 9) (42, 33, 9) (3, 38, 3) (90, 39, 7) (1, 47, 6) (52, 47, 6)
Queue2 : (18, 25, 6) (93, 27, 3) (37, 35, 6) (30, 38, 7) (62, 40, 5) (4, 45, 3) (34, 45, 3) (85, 47, 8)
Queue3 : (64, 27, 1) (97, 31, 7) (11, 36, 10) (47, 38, 2) (9, 41, 8) (74, 45, 5) (67, 46, 10) (39, 48, 4)
Queue4 : (79, 27, 1) (40, 30, 7) (98, 31, 8) (10, 39, 7) (22, 39, 6) (56, 44, 5) (23, 47, 3)

Time: 49
Waiting clients:  (36, 52, 10) (14, 53, 8) (81, 54, 6) (58, 55, 7) (99, 55, 3) (65, 56, 6) (13, 57, 4) (89, 57, 3) (16, 58, 6) (70, 59, 3) (38, 60, 3) (43, 62, 4) (44, 62, 5) (86, 62, 6) (28, 63, 7) (96, 63, 3) (78, 64, 6) (49, 65, 7) (55, 65, 5) (73, 66, 9) (51, 67, 5) (53, 69, 6) (27, 70, 10) (68, 70, 3) (72, 70, 5) (60, 71, 5) (24, 72, 4) (48, 72, 8) (61, 72, 4) (6, 73, 4) (21, 74, 6) (41, 75, 3) (29, 76, 2) (50, 76, 6) (54, 76, 6) (75, 77, 8) (32, 78, 4) (33, 78, 4) (94, 78, 2) (20, 79, 6) (88, 79, 3)
Queue1 : (17, 25, 3) (66, 26, 5) (84, 27, 9) (42, 33, 9) (3, 38, 3) (90, 39, 7) (1, 47, 6) (52, 47, 6)
Queue2 : (18, 25, 5) (93, 27, 3) (37, 35, 6) (30, 38, 7) (62, 40, 5) (4, 45, 3) (34, 45, 3) (85, 47, 8)
Queue3 : (97, 31, 7) (11, 36, 10) (47, 38, 2) (9, 41, 8) (74, 45, 5) (67, 46, 10) (39, 48, 4)
Queue4 : (40, 30, 7) (98, 31, 8) (10, 39, 7) (22, 39, 6) (56, 44, 5) (23, 47, 3)

Time: 50
Waiting clients:  (36, 52, 10) (14, 53, 8) (81, 54, 6) (58, 55, 7) (99, 55, 3) (65, 56, 6) (13, 57, 4) (89, 57, 3) (16, 58, 6) (70, 59, 3) (38, 60, 3) (43, 62, 4) (44, 62, 5) (86, 62, 6) (28, 63, 7) (96, 63, 3) (78, 64, 6) (49, 65, 7) (55, 65, 5) (73, 66, 9) (51, 67, 5) (53, 69, 6) (27, 70, 10) (68, 70, 3) (72, 70, 5) (60, 71, 5) (24, 72, 4) (48, 72, 8) (61, 72, 4) (6, 73, 4) (21, 74, 6) (41, 75, 3) (29, 76, 2) (50, 76, 6) (54, 76, 6) (75, 77, 8) (32, 78, 4) (33, 78, 4) (94, 78, 2) (20, 79, 6) (88, 79, 3)
Queue1 : (17, 25, 2) (66, 26, 5) (84, 27, 9) (42, 33, 9) (3, 38, 3) (90, 39, 7) (1, 47, 6) (52, 47, 6)
Queue2 : (18, 25, 4) (93, 27, 3) (37, 35, 6) (30, 38, 7) (62, 40, 5) (4, 45, 3) (34, 45, 3) (85, 47, 8)
Queue3 : (97, 31, 6) (11, 36, 10) (47, 38, 2) (9, 41, 8) (74, 45, 5) (67, 46, 10) (39, 48, 4)
Queue4 : (40, 30, 6) (98, 31, 8) (10, 39, 7) (22, 39, 6) (56, 44, 5) (23, 47, 3)

Time: 51
Waiting clients:  (36, 52, 10) (14, 53, 8) (81, 54, 6) (58, 55, 7) (99, 55, 3) (65, 56, 6) (13, 57, 4) (89, 57, 3) (16, 58, 6) (70, 59, 3) (38, 60, 3) (43, 62, 4) (44, 62, 5) (86, 62, 6) (28, 63, 7) (96, 63, 3) (78, 64, 6) (49, 65, 7) (55, 65, 5) (73, 66, 9) (51, 67, 5) (53, 69, 6) (27, 70, 10) (68, 70, 3) (72, 70, 5) (60, 71, 5) (24, 72, 4) (48, 72, 8) (61, 72, 4) (6, 73, 4) (21, 74, 6) (41, 75, 3) (29, 76, 2) (50, 76, 6) (54, 76, 6) (75, 77, 8) (32, 78, 4) (33, 78, 4) (94, 78, 2) (20, 79, 6) (88, 79, 3)
Queue1 : (17, 25, 1) (66, 26, 5) (84, 27, 9) (42, 33, 9) (3, 38, 3) (90, 39, 7) (1, 47, 6) (52, 47, 6)
Queue2 : (18, 25, 3) (93, 27, 3) (37, 35, 6) (30, 38, 7) (62, 40, 5) (4, 45, 3) (34, 45, 3) (85, 47, 8)
Queue3 : (97, 31, 5) (11, 36, 10) (47, 38, 2) (9, 41, 8) (74, 45, 5) (67, 46, 10) (39, 48, 4)
Queue4 : (40, 30, 5) (98, 31, 8) (10, 39, 7) (22, 39, 6) (56, 44, 5) (23, 47, 3)

Time: 52
Waiting clients:  (14, 53, 8) (81, 54, 6) (58, 55, 7) (99, 55, 3) (65, 56, 6) (13, 57, 4) (89, 57, 3) (16, 58, 6) (70, 59, 3) (38, 60, 3) (43, 62, 4) (44, 62, 5) (86, 62, 6) (28, 63, 7) (96, 63, 3) (78, 64, 6) (49, 65, 7) (55, 65, 5) (73, 66, 9) (51, 67, 5) (53, 69, 6) (27, 70, 10) (68, 70, 3) (72, 70, 5) (60, 71, 5) (24, 72, 4) (48, 72, 8) (61, 72, 4) (6, 73, 4) (21, 74, 6) (41, 75, 3) (29, 76, 2) (50, 76, 6) (54, 76, 6) (75, 77, 8) (32, 78, 4) (33, 78, 4) (94, 78, 2) (20, 79, 6) (88, 79, 3)
Queue1 : (66, 26, 5) (84, 27, 9) (42, 33, 9) (3, 38, 3) (90, 39, 7) (1, 47, 6) (52, 47, 6)
Queue2 : (18, 25, 2) (93, 27, 3) (37, 35, 6) (30, 38, 7) (62, 40, 5) (4, 45, 3) (34, 45, 3) (85, 47, 8)
Queue3 : (97, 31, 4) (11, 36, 10) (47, 38, 2) (9, 41, 8) (74, 45, 5) (67, 46, 10) (39, 48, 4)
Queue4 : (40, 30, 4) (98, 31, 8) (10, 39, 7) (22, 39, 6) (56, 44, 5) (23, 47, 3) (36, 52, 10)

Time: 53
Waiting clients:  (81, 54, 6) (58, 55, 7) (99, 55, 3) (65, 56, 6) (13, 57, 4) (89, 57, 3) (16, 58, 6) (70, 59, 3) (38, 60, 3) (43, 62, 4) (44, 62, 5) (86, 62, 6) (28, 63, 7) (96, 63, 3) (78, 64, 6) (49, 65, 7) (55, 65, 5) (73, 66, 9) (51, 67, 5) (53, 69, 6) (27, 70, 10) (68, 70, 3) (72, 70, 5) (60, 71, 5) (24, 72, 4) (48, 72, 8) (61, 72, 4) (6, 73, 4) (21, 74, 6) (41, 75, 3) (29, 76, 2) (50, 76, 6) (54, 76, 6) (75, 77, 8) (32, 78, 4) (33, 78, 4) (94, 78, 2) (20, 79, 6) (88, 79, 3)
Queue1 : (66, 26, 4) (84, 27, 9) (42, 33, 9) (3, 38, 3) (90, 39, 7) (1, 47, 6) (52, 47, 6) (14, 53, 8)
Queue2 : (18, 25, 1) (93, 27, 3) (37, 35, 6) (30, 38, 7) (62, 40, 5) (4, 45, 3) (34, 45, 3) (85, 47, 8)
Queue3 : (97, 31, 3) (11, 36, 10) (47, 38, 2) (9, 41, 8) (74, 45, 5) (67, 46, 10) (39, 48, 4)
Queue4 : (40, 30, 3) (98, 31, 8) (10, 39, 7) (22, 39, 6) (56, 44, 5) (23, 47, 3) (36, 52, 10)

Time: 54
Waiting clients:  (58, 55, 7) (99, 55, 3) (65, 56, 6) (13, 57, 4) (89, 57, 3) (16, 58, 6) (70, 59, 3) (38, 60, 3) (43, 62, 4) (44, 62, 5) (86, 62, 6) (28, 63, 7) (96, 63, 3) (78, 64, 6) (49, 65, 7) (55, 65, 5) (73, 66, 9) (51, 67, 5) (53, 69, 6) (27, 70, 10) (68, 70, 3) (72, 70, 5) (60, 71, 5) (24, 72, 4) (48, 72, 8) (61, 72, 4) (6, 73, 4) (21, 74, 6) (41, 75, 3) (29, 76, 2) (50, 76, 6) (54, 76, 6) (75, 77, 8) (32, 78, 4) (33, 78, 4) (94, 78, 2) (20, 79, 6) (88, 79, 3)
Queue1 : (66, 26, 3) (84, 27, 9) (42, 33, 9) (3, 38, 3) (90, 39, 7) (1, 47, 6) (52, 47, 6) (14, 53, 8)
Queue2 : (93, 27, 3) (37, 35, 6) (30, 38, 7) (62, 40, 5) (4, 45, 3) (34, 45, 3) (85, 47, 8) (81, 54, 6)
Queue3 : (97, 31, 2) (11, 36, 10) (47, 38, 2) (9, 41, 8) (74, 45, 5) (67, 46, 10) (39, 48, 4)
Queue4 : (40, 30, 2) (98, 31, 8) (10, 39, 7) (22, 39, 6) (56, 44, 5) (23, 47, 3) (36, 52, 10)

Time: 55
Waiting clients:  (65, 56, 6) (13, 57, 4) (89, 57, 3) (16, 58, 6) (70, 59, 3) (38, 60, 3) (43, 62, 4) (44, 62, 5) (86, 62, 6) (28, 63, 7) (96, 63, 3) (78, 64, 6) (49, 65, 7) (55, 65, 5) (73, 66, 9) (51, 67, 5) (53, 69, 6) (27, 70, 10) (68, 70, 3) (72, 70, 5) (60, 71, 5) (24, 72, 4) (48, 72, 8) (61, 72, 4) (6, 73, 4) (21, 74, 6) (41, 75, 3) (29, 76, 2) (50, 76, 6) (54, 76, 6) (75, 77, 8) (32, 78, 4) (33, 78, 4) (94, 78, 2) (20, 79, 6) (88, 79, 3)
Queue1 : (66, 26, 2) (84, 27, 9) (42, 33, 9) (3, 38, 3) (90, 39, 7) (1, 47, 6) (52, 47, 6) (14, 53, 8)
Queue2 : (93, 27, 2) (37, 35, 6) (30, 38, 7) (62, 40, 5) (4, 45, 3) (34, 45, 3) (85, 47, 8) (81, 54, 6)
Queue3 : (97, 31, 1) (11, 36, 10) (47, 38, 2) (9, 41, 8) (74, 45, 5) (67, 46, 10) (39, 48, 4) (58, 55, 7)
Queue4 : (40, 30, 1) (98, 31, 8) (10, 39, 7) (22, 39, 6) (56, 44, 5) (23, 47, 3) (36, 52, 10) (99, 55, 3)

Time: 56
Waiting clients:  (13, 57, 4) (89, 57, 3) (16, 58, 6) (70, 59, 3) (38, 60, 3) (43, 62, 4) (44, 62, 5) (86, 62, 6) (28, 63, 7) (96, 63, 3) (78, 64, 6) (49, 65, 7) (55, 65, 5) (73, 66, 9) (51, 67, 5) (53, 69, 6) (27, 70, 10) (68, 70, 3) (72, 70, 5) (60, 71, 5) (24, 72, 4) (48, 72, 8) (61, 72, 4) (6, 73, 4) (21, 74, 6) (41, 75, 3) (29, 76, 2) (50, 76, 6) (54, 76, 6) (75, 77, 8) (32, 78, 4) (33, 78, 4) (94, 78, 2) (20, 79, 6) (88, 79, 3)
Queue1 : (66, 26, 1) (84, 27, 9) (42, 33, 9) (3, 38, 3) (90, 39, 7) (1, 47, 6) (52, 47, 6) (14, 53, 8)
Queue2 : (93, 27, 1) (37, 35, 6) (30, 38, 7) (62, 40, 5) (4, 45, 3) (34, 45, 3) (85, 47, 8) (81, 54, 6)
Queue3 : (11, 36, 10) (47, 38, 2) (9, 41, 8) (74, 45, 5) (67, 46, 10) (39, 48, 4) (58, 55, 7) (65, 56, 6)
Queue4 : (98, 31, 8) (10, 39, 7) (22, 39, 6) (56, 44, 5) (23, 47, 3) (36, 52, 10) (99, 55, 3)

Time: 57
Waiting clients:  (16, 58, 6) (70, 59, 3) (38, 60, 3) (43, 62, 4) (44, 62, 5) (86, 62, 6) (28, 63, 7) (96, 63, 3) (78, 64, 6) (49, 65, 7) (55, 65, 5) (73, 66, 9) (51, 67, 5) (53, 69, 6) (27, 70, 10) (68, 70, 3) (72, 70, 5) (60, 71, 5) (24, 72, 4) (48, 72, 8) (61, 72, 4) (6, 73, 4) (21, 74, 6) (41, 75, 3) (29, 76, 2) (50, 76, 6) (54, 76, 6) (75, 77, 8) (32, 78, 4) (33, 78, 4) (94, 78, 2) (20, 79, 6) (88, 79, 3)
Queue1 : (84, 27, 9) (42, 33, 9) (3, 38, 3) (90, 39, 7) (1, 47, 6) (52, 47, 6) (14, 53, 8) (13, 57, 4)
Queue2 : (37, 35, 6) (30, 38, 7) (62, 40, 5) (4, 45, 3) (34, 45, 3) (85, 47, 8) (81, 54, 6) (89, 57, 3)
Queue3 : (11, 36, 9) (47, 38, 2) (9, 41, 8) (74, 45, 5) (67, 46, 10) (39, 48, 4) (58, 55, 7) (65, 56, 6)
Queue4 : (98, 31, 7) (10, 39, 7) (22, 39, 6) (56, 44, 5) (23, 47, 3) (36, 52, 10) (99, 55, 3)

Time: 58
Waiting clients:  (70, 59, 3) (38, 60, 3) (43, 62, 4) (44, 62, 5) (86, 62, 6) (28, 63, 7) (96, 63, 3) (78, 64, 6) (49, 65, 7) (55, 65, 5) (73, 66, 9) (51, 67, 5) (53, 69, 6) (27, 70, 10) (68, 70, 3) (72, 70, 5) (60, 71, 5) (24, 72, 4) (48, 72, 8) (61, 72, 4) (6, 73, 4) (21, 74, 6) (41, 75, 3) (29, 76, 2) (50, 76, 6) (54, 76, 6) (75, 77, 8) (32, 78, 4) (33, 78, 4) (94, 78, 2) (20, 79, 6) (88, 79, 3)
Queue1 : (84, 27, 8) (42, 33, 9) (3, 38, 3) (90, 39, 7) (1, 47, 6) (52, 47, 6) (14, 53, 8) (13, 57, 4)
Queue2 : (37, 35, 5) (30, 38, 7) (62, 40, 5) (4, 45, 3) (34, 45, 3) (85, 47, 8) (81, 54, 6) (89, 57, 3)
Queue3 : (11, 36, 8) (47, 38, 2) (9, 41, 8) (74, 45, 5) (67, 46, 10) (39, 48, 4) (58, 55, 7) (65, 56, 6)
Queue4 : (98, 31, 6) (10, 39, 7) (22, 39, 6) (56, 44, 5) (23, 47, 3) (36, 52, 10) (99, 55, 3) (16, 58, 6)

Time: 59
Waiting clients:  (38, 60, 3) (43, 62, 4) (44, 62, 5) (86, 62, 6) (28, 63, 7) (96, 63, 3) (78, 64, 6) (49, 65, 7) (55, 65, 5) (73, 66, 9) (51, 67, 5) (53, 69, 6) (27, 70, 10) (68, 70, 3) (72, 70, 5) (60, 71, 5) (24, 72, 4) (48, 72, 8) (61, 72, 4) (6, 73, 4) (21, 74, 6) (41, 75, 3) (29, 76, 2) (50, 76, 6) (54, 76, 6) (75, 77, 8) (32, 78, 4) (33, 78, 4) (94, 78, 2) (20, 79, 6) (88, 79, 3)
Queue1 : (84, 27, 7) (42, 33, 9) (3, 38, 3) (90, 39, 7) (1, 47, 6) (52, 47, 6) (14, 53, 8) (13, 57, 4) (70, 59, 3)
Queue2 : (37, 35, 4) (30, 38, 7) (62, 40, 5) (4, 45, 3) (34, 45, 3) (85, 47, 8) (81, 54, 6) (89, 57, 3)
Queue3 : (11, 36, 7) (47, 38, 2) (9, 41, 8) (74, 45, 5) (67, 46, 10) (39, 48, 4) (58, 55, 7) (65, 56, 6)
Queue4 : (98, 31, 5) (10, 39, 7) (22, 39, 6) (56, 44, 5) (23, 47, 3) (36, 52, 10) (99, 55, 3) (16, 58, 6)

Time: 60
Waiting clients:  (43, 62, 4) (44, 62, 5) (86, 62, 6) (28, 63, 7) (96, 63, 3) (78, 64, 6) (49, 65, 7) (55, 65, 5) (73, 66, 9) (51, 67, 5) (53, 69, 6) (27, 70, 10) (68, 70, 3) (72, 70, 5) (60, 71, 5) (24, 72, 4) (48, 72, 8) (61, 72, 4) (6, 73, 4) (21, 74, 6) (41, 75, 3) (29, 76, 2) (50, 76, 6) (54, 76, 6) (75, 77, 8) (32, 78, 4) (33, 78, 4) (94, 78, 2) (20, 79, 6) (88, 79, 3)
Queue1 : (84, 27, 6) (42, 33, 9) (3, 38, 3) (90, 39, 7) (1, 47, 6) (52, 47, 6) (14, 53, 8) (13, 57, 4) (70, 59, 3)
Queue2 : (37, 35, 3) (30, 38, 7) (62, 40, 5) (4, 45, 3) (34, 45, 3) (85, 47, 8) (81, 54, 6) (89, 57, 3) (38, 60, 3)
Queue3 : (11, 36, 6) (47, 38, 2) (9, 41, 8) (74, 45, 5) (67, 46, 10) (39, 48, 4) (58, 55, 7) (65, 56, 6)
Queue4 : (98, 31, 4) (10, 39, 7) (22, 39, 6) (56, 44, 5) (23, 47, 3) (36, 52, 10) (99, 55, 3) (16, 58, 6)

Time: 61
Waiting clients:  (43, 62, 4) (44, 62, 5) (86, 62, 6) (28, 63, 7) (96, 63, 3) (78, 64, 6) (49, 65, 7) (55, 65, 5) (73, 66, 9) (51, 67, 5) (53, 69, 6) (27, 70, 10) (68, 70, 3) (72, 70, 5) (60, 71, 5) (24, 72, 4) (48, 72, 8) (61, 72, 4) (6, 73, 4) (21, 74, 6) (41, 75, 3) (29, 76, 2) (50, 76, 6) (54, 76, 6) (75, 77, 8) (32, 78, 4) (33, 78, 4) (94, 78, 2) (20, 79, 6) (88, 79, 3)
Queue1 : (84, 27, 5) (42, 33, 9) (3, 38, 3) (90, 39, 7) (1, 47, 6) (52, 47, 6) (14, 53, 8) (13, 57, 4) (70, 59, 3)
Queue2 : (37, 35, 2) (30, 38, 7) (62, 40, 5) (4, 45, 3) (34, 45, 3) (85, 47, 8) (81, 54, 6) (89, 57, 3) (38, 60, 3)
Queue3 : (11, 36, 5) (47, 38, 2) (9, 41, 8) (74, 45, 5) (67, 46, 10) (39, 48, 4) (58, 55, 7) (65, 56, 6)
Queue4 : (98, 31, 3) (10, 39, 7) (22, 39, 6) (56, 44, 5) (23, 47, 3) (36, 52, 10) (99, 55, 3) (16, 58, 6)

Time: 62
Waiting clients:  (28, 63, 7) (96, 63, 3) (78, 64, 6) (49, 65, 7) (55, 65, 5) (73, 66, 9) (51, 67, 5) (53, 69, 6) (27, 70, 10) (68, 70, 3) (72, 70, 5) (60, 71, 5) (24, 72, 4) (48, 72, 8) (61, 72, 4) (6, 73, 4) (21, 74, 6) (41, 75, 3) (29, 76, 2) (50, 76, 6) (54, 76, 6) (75, 77, 8) (32, 78, 4) (33, 78, 4) (94, 78, 2) (20, 79, 6) (88, 79, 3)
Queue1 : (84, 27, 4) (42, 33, 9) (3, 38, 3) (90, 39, 7) (1, 47, 6) (52, 47, 6) (14, 53, 8) (13, 57, 4) (70, 59, 3) (86, 62, 6)
Queue2 : (37, 35, 1) (30, 38, 7) (62, 40, 5) (4, 45, 3) (34, 45, 3) (85, 47, 8) (81, 54, 6) (89, 57, 3) (38, 60, 3)
Queue3 : (11, 36, 4) (47, 38, 2) (9, 41, 8) (74, 45, 5) (67, 46, 10) (39, 48, 4) (58, 55, 7) (65, 56, 6) (43, 62, 4)
Queue4 : (98, 31, 2) (10, 39, 7) (22, 39, 6) (56, 44, 5) (23, 47, 3) (36, 52, 10) (99, 55, 3) (16, 58, 6) (44, 62, 5)

Time: 63
Waiting clients:  (78, 64, 6) (49, 65, 7) (55, 65, 5) (73, 66, 9) (51, 67, 5) (53, 69, 6) (27, 70, 10) (68, 70, 3) (72, 70, 5) (60, 71, 5) (24, 72, 4) (48, 72, 8) (61, 72, 4) (6, 73, 4) (21, 74, 6) (41, 75, 3) (29, 76, 2) (50, 76, 6) (54, 76, 6) (75, 77, 8) (32, 78, 4) (33, 78, 4) (94, 78, 2) (20, 79, 6) (88, 79, 3)
Queue1 : (84, 27, 3) (42, 33, 9) (3, 38, 3) (90, 39, 7) (1, 47, 6) (52, 47, 6) (14, 53, 8) (13, 57, 4) (70, 59, 3) (86, 62, 6)
Queue2 : (30, 38, 7) (62, 40, 5) (4, 45, 3) (34, 45, 3) (85, 47, 8) (81, 54, 6) (89, 57, 3) (38, 60, 3) (28, 63, 7) (96, 63, 3)
Queue3 : (11, 36, 3) (47, 38, 2) (9, 41, 8) (74, 45, 5) (67, 46, 10) (39, 48, 4) (58, 55, 7) (65, 56, 6) (43, 62, 4)
Queue4 : (98, 31, 1) (10, 39, 7) (22, 39, 6) (56, 44, 5) (23, 47, 3) (36, 52, 10) (99, 55, 3) (16, 58, 6) (44, 62, 5)

Time: 64
Waiting clients:  (49, 65, 7) (55, 65, 5) (73, 66, 9) (51, 67, 5) (53, 69, 6) (27, 70, 10) (68, 70, 3) (72, 70, 5) (60, 71, 5) (24, 72, 4) (48, 72, 8) (61, 72, 4) (6, 73, 4) (21, 74, 6) (41, 75, 3) (29, 76, 2) (50, 76, 6) (54, 76, 6) (75, 77, 8) (32, 78, 4) (33, 78, 4) (94, 78, 2) (20, 79, 6) (88, 79, 3)
Queue1 : (84, 27, 2) (42, 33, 9) (3, 38, 3) (90, 39, 7) (1, 47, 6) (52, 47, 6) (14, 53, 8) (13, 57, 4) (70, 59, 3) (86, 62, 6)
Queue2 : (30, 38, 6) (62, 40, 5) (4, 45, 3) (34, 45, 3) (85, 47, 8) (81, 54, 6) (89, 57, 3) (38, 60, 3) (28, 63, 7) (96, 63, 3)
Queue3 : (11, 36, 2) (47, 38, 2) (9, 41, 8) (74, 45, 5) (67, 46, 10) (39, 48, 4) (58, 55, 7) (65, 56, 6) (43, 62, 4)
Queue4 : (10, 39, 7) (22, 39, 6) (56, 44, 5) (23, 47, 3) (36, 52, 10) (99, 55, 3) (16, 58, 6) (44, 62, 5) (78, 64, 6)

Time: 65
Waiting clients:  (73, 66, 9) (51, 67, 5) (53, 69, 6) (27, 70, 10) (68, 70, 3) (72, 70, 5) (60, 71, 5) (24, 72, 4) (48, 72, 8) (61, 72, 4) (6, 73, 4) (21, 74, 6) (41, 75, 3) (29, 76, 2) (50, 76, 6) (54, 76, 6) (75, 77, 8) (32, 78, 4) (33, 78, 4) (94, 78, 2) (20, 79, 6) (88, 79, 3)
Queue1 : (84, 27, 1) (42, 33, 9) (3, 38, 3) (90, 39, 7) (1, 47, 6) (52, 47, 6) (14, 53, 8) (13, 57, 4) (70, 59, 3) (86, 62, 6)
Queue2 : (30, 38, 5) (62, 40, 5) (4, 45, 3) (34, 45, 3) (85, 47, 8) (81, 54, 6) (89, 57, 3) (38, 60, 3) (28, 63, 7) (96, 63, 3)
Queue3 : (11, 36, 1) (47, 38, 2) (9, 41, 8) (74, 45, 5) (67, 46, 10) (39, 48, 4) (58, 55, 7) (65, 56, 6) (43, 62, 4) (49, 65, 7)
Queue4 : (10, 39, 6) (22, 39, 6) (56, 44, 5) (23, 47, 3) (36, 52, 10) (99, 55, 3) (16, 58, 6) (44, 62, 5) (78, 64, 6) (55, 65, 5)

Time: 66
Waiting clients:  (51, 67, 5) (53, 69, 6) (27, 70, 10) (68, 70, 3) (72, 70, 5) (60, 71, 5) (24, 72, 4) (48, 72, 8) (61, 72, 4) (6, 73, 4) (21, 74, 6) (41, 75, 3) (29, 76, 2) (50, 76, 6) (54, 76, 6) (75, 77, 8) (32, 78, 4) (33, 78, 4) (94, 78, 2) (20, 79, 6) (88, 79, 3)
Queue1 : (42, 33, 9) (3, 38, 3) (90, 39, 7) (1, 47, 6) (52, 47, 6) (14, 53, 8) (13, 57, 4) (70, 59, 3) (86, 62, 6) (73, 66, 9)
Queue2 : (30, 38, 4) (62, 40, 5) (4, 45, 3) (34, 45, 3) (85, 47, 8) (81, 54, 6) (89, 57, 3) (38, 60, 3) (28, 63, 7) (96, 63, 3)
Queue3 : (47, 38, 2) (9, 41, 8) (74, 45, 5) (67, 46, 10) (39, 48, 4) (58, 55, 7) (65, 56, 6) (43, 62, 4) (49, 65, 7)
Queue4 : (10, 39, 5) (22, 39, 6) (56, 44, 5) (23, 47, 3) (36, 52, 10) (99, 55, 3) (16, 58, 6) (44, 62, 5) (78, 64, 6) (55, 65, 5)

Time: 67
Waiting clients:  (53, 69, 6) (27, 70, 10) (68, 70, 3) (72, 70, 5) (60, 71, 5) (24, 72, 4) (48, 72, 8) (61, 72, 4) (6, 73, 4) (21, 74, 6) (41, 75, 3) (29, 76, 2) (50, 76, 6) (54, 76, 6) (75, 77, 8) (32, 78, 4) (33, 78, 4) (94, 78, 2) (20, 79, 6) (88, 79, 3)
Queue1 : (42, 33, 8) (3, 38, 3) (90, 39, 7) (1, 47, 6) (52, 47, 6) (14, 53, 8) (13, 57, 4) (70, 59, 3) (86, 62, 6) (73, 66, 9)
Queue2 : (30, 38, 3) (62, 40, 5) (4, 45, 3) (34, 45, 3) (85, 47, 8) (81, 54, 6) (89, 57, 3) (38, 60, 3) (28, 63, 7) (96, 63, 3)
Queue3 : (47, 38, 1) (9, 41, 8) (74, 45, 5) (67, 46, 10) (39, 48, 4) (58, 55, 7) (65, 56, 6) (43, 62, 4) (49, 65, 7) (51, 67, 5)
Queue4 : (10, 39, 4) (22, 39, 6) (56, 44, 5) (23, 47, 3) (36, 52, 10) (99, 55, 3) (16, 58, 6) (44, 62, 5) (78, 64, 6) (55, 65, 5)

Time: 68
Waiting clients:  (53, 69, 6) (27, 70, 10) (68, 70, 3) (72, 70, 5) (60, 71, 5) (24, 72, 4) (48, 72, 8) (61, 72, 4) (6, 73, 4) (21, 74, 6) (41, 75, 3) (29, 76, 2) (50, 76, 6) (54, 76, 6) (75, 77, 8) (32, 78, 4) (33, 78, 4) (94, 78, 2) (20, 79, 6) (88, 79, 3)
Queue1 : (42, 33, 7) (3, 38, 3) (90, 39, 7) (1, 47, 6) (52, 47, 6) (14, 53, 8) (13, 57, 4) (70, 59, 3) (86, 62, 6) (73, 66, 9)
Queue2 : (30, 38, 2) (62, 40, 5) (4, 45, 3) (34, 45, 3) (85, 47, 8) (81, 54, 6) (89, 57, 3) (38, 60, 3) (28, 63, 7) (96, 63, 3)
Queue3 : (9, 41, 8) (74, 45, 5) (67, 46, 10) (39, 48, 4) (58, 55, 7) (65, 56, 6) (43, 62, 4) (49, 65, 7) (51, 67, 5)
Queue4 : (10, 39, 3) (22, 39, 6) (56, 44, 5) (23, 47, 3) (36, 52, 10) (99, 55, 3) (16, 58, 6) (44, 62, 5) (78, 64, 6) (55, 65, 5)

Time: 69
Waiting clients:  (27, 70, 10) (68, 70, 3) (72, 70, 5) (60, 71, 5) (24, 72, 4) (48, 72, 8) (61, 72, 4) (6, 73, 4) (21, 74, 6) (41, 75, 3) (29, 76, 2) (50, 76, 6) (54, 76, 6) (75, 77, 8) (32, 78, 4) (33, 78, 4) (94, 78, 2) (20, 79, 6) (88, 79, 3)
Queue1 : (42, 33, 6) (3, 38, 3) (90, 39, 7) (1, 47, 6) (52, 47, 6) (14, 53, 8) (13, 57, 4) (70, 59, 3) (86, 62, 6) (73, 66, 9)
Queue2 : (30, 38, 1) (62, 40, 5) (4, 45, 3) (34, 45, 3) (85, 47, 8) (81, 54, 6) (89, 57, 3) (38, 60, 3) (28, 63, 7) (96, 63, 3)
Queue3 : (9, 41, 7) (74, 45, 5) (67, 46, 10) (39, 48, 4) (58, 55, 7) (65, 56, 6) (43, 62, 4) (49, 65, 7) (51, 67, 5) (53, 69, 6)
Queue4 : (10, 39, 2) (22, 39, 6) (56, 44, 5) (23, 47, 3) (36, 52, 10) (99, 55, 3) (16, 58, 6) (44, 62, 5) (78, 64, 6) (55, 65, 5)

Time: 70
Waiting clients:  (60, 71, 5) (24, 72, 4) (48, 72, 8) (61, 72, 4) (6, 73, 4) (21, 74, 6) (41, 75, 3) (29, 76, 2) (50, 76, 6) (54, 76, 6) (75, 77, 8) (32, 78, 4) (33, 78, 4) (94, 78, 2) (20, 79, 6) (88, 79, 3)
Queue1 : (42, 33, 5) (3, 38, 3) (90, 39, 7) (1, 47, 6) (52, 47, 6) (14, 53, 8) (13, 57, 4) (70, 59, 3) (86, 62, 6) (73, 66, 9) (68, 70, 3)
Queue2 : (62, 40, 5) (4, 45, 3) (34, 45, 3) (85, 47, 8) (81, 54, 6) (89, 57, 3) (38, 60, 3) (28, 63, 7) (96, 63, 3) (27, 70, 10) (72, 70, 5)
Queue3 : (9, 41, 6) (74, 45, 5) (67, 46, 10) (39, 48, 4) (58, 55, 7) (65, 56, 6) (43, 62, 4) (49, 65, 7) (51, 67, 5) (53, 69, 6)
Queue4 : (10, 39, 1) (22, 39, 6) (56, 44, 5) (23, 47, 3) (36, 52, 10) (99, 55, 3) (16, 58, 6) (44, 62, 5) (78, 64, 6) (55, 65, 5)

Time: 71
Waiting clients:  (24, 72, 4) (48, 72, 8) (61, 72, 4) (6, 73, 4) (21, 74, 6) (41, 75, 3) (29, 76, 2) (50, 76, 6) (54, 76, 6) (75, 77, 8) (32, 78, 4) (33, 78, 4) (94, 78, 2) (20, 79, 6) (88, 79, 3)
Queue1 : (42, 33, 4) (3, 38, 3) (90, 39, 7) (1, 47, 6) (52, 47, 6) (14, 53, 8) (13, 57, 4) (70, 59, 3) (86, 62, 6) (73, 66, 9) (68, 70, 3)
Queue2 : (62, 40, 4) (4, 45, 3) (34, 45, 3) (85, 47, 8) (81, 54, 6) (89, 57, 3) (38, 60, 3) (28, 63, 7) (96, 63, 3) (27, 70, 10) (72, 70, 5)
Queue3 : (9, 41, 5) (74, 45, 5) (67, 46, 10) (39, 48, 4) (58, 55, 7) (65, 56, 6) (43, 62, 4) (49, 65, 7) (51, 67, 5) (53, 69, 6)
Queue4 : (22, 39, 6) (56, 44, 5) (23, 47, 3) (36, 52, 10) (99, 55, 3) (16, 58, 6) (44, 62, 5) (78, 64, 6) (55, 65, 5) (60, 71, 5)

Time: 72
Waiting clients:  (6, 73, 4) (21, 74, 6) (41, 75, 3) (29, 76, 2) (50, 76, 6) (54, 76, 6) (75, 77, 8) (32, 78, 4) (33, 78, 4) (94, 78, 2) (20, 79, 6) (88, 79, 3)
Queue1 : (42, 33, 3) (3, 38, 3) (90, 39, 7) (1, 47, 6) (52, 47, 6) (14, 53, 8) (13, 57, 4) (70, 59, 3) (86, 62, 6) (73, 66, 9) (68, 70, 3) (61, 72, 4)
Queue2 : (62, 40, 3) (4, 45, 3) (34, 45, 3) (85, 47, 8) (81, 54, 6) (89, 57, 3) (38, 60, 3) (28, 63, 7) (96, 63, 3) (27, 70, 10) (72, 70, 5)
Queue3 : (9, 41, 4) (74, 45, 5) (67, 46, 10) (39, 48, 4) (58, 55, 7) (65, 56, 6) (43, 62, 4) (49, 65, 7) (51, 67, 5) (53, 69, 6) (24, 72, 4)
Queue4 : (22, 39, 5) (56, 44, 5) (23, 47, 3) (36, 52, 10) (99, 55, 3) (16, 58, 6) (44, 62, 5) (78, 64, 6) (55, 65, 5) (60, 71, 5) (48, 72, 8)

Time: 73
Waiting clients:  (21, 74, 6) (41, 75, 3) (29, 76, 2) (50, 76, 6) (54, 76, 6) (75, 77, 8) (32, 78, 4) (33, 78, 4) (94, 78, 2) (20, 79, 6) (88, 79, 3)
Queue1 : (42, 33, 2) (3, 38, 3) (90, 39, 7) (1, 47, 6) (52, 47, 6) (14, 53, 8) (13, 57, 4) (70, 59, 3) (86, 62, 6) (73, 66, 9) (68, 70, 3) (61, 72, 4)
Queue2 : (62, 40, 2) (4, 45, 3) (34, 45, 3) (85, 47, 8) (81, 54, 6) (89, 57, 3) (38, 60, 3) (28, 63, 7) (96, 63, 3) (27, 70, 10) (72, 70, 5) (6, 73, 4)
Queue3 : (9, 41, 3) (74, 45, 5) (67, 46, 10) (39, 48, 4) (58, 55, 7) (65, 56, 6) (43, 62, 4) (49, 65, 7) (51, 67, 5) (53, 69, 6) (24, 72, 4)
Queue4 : (22, 39, 4) (56, 44, 5) (23, 47, 3) (36, 52, 10) (99, 55, 3) (16, 58, 6) (44, 62, 5) (78, 64, 6) (55, 65, 5) (60, 71, 5) (48, 72, 8)

Time: 74
Waiting clients:  (41, 75, 3) (29, 76, 2) (50, 76, 6) (54, 76, 6) (75, 77, 8) (32, 78, 4) (33, 78, 4) (94, 78, 2) (20, 79, 6) (88, 79, 3)
Queue1 : (42, 33, 1) (3, 38, 3) (90, 39, 7) (1, 47, 6) (52, 47, 6) (14, 53, 8) (13, 57, 4) (70, 59, 3) (86, 62, 6) (73, 66, 9) (68, 70, 3) (61, 72, 4)
Queue2 : (62, 40, 1) (4, 45, 3) (34, 45, 3) (85, 47, 8) (81, 54, 6) (89, 57, 3) (38, 60, 3) (28, 63, 7) (96, 63, 3) (27, 70, 10) (72, 70, 5) (6, 73, 4)
Queue3 : (9, 41, 2) (74, 45, 5) (67, 46, 10) (39, 48, 4) (58, 55, 7) (65, 56, 6) (43, 62, 4) (49, 65, 7) (51, 67, 5) (53, 69, 6) (24, 72, 4) (21, 74, 6)
Queue4 : (22, 39, 3) (56, 44, 5) (23, 47, 3) (36, 52, 10) (99, 55, 3) (16, 58, 6) (44, 62, 5) (78, 64, 6) (55, 65, 5) (60, 71, 5) (48, 72, 8)

Time: 75
Waiting clients:  (29, 76, 2) (50, 76, 6) (54, 76, 6) (75, 77, 8) (32, 78, 4) (33, 78, 4) (94, 78, 2) (20, 79, 6) (88, 79, 3)
Queue1 : (3, 38, 3) (90, 39, 7) (1, 47, 6) (52, 47, 6) (14, 53, 8) (13, 57, 4) (70, 59, 3) (86, 62, 6) (73, 66, 9) (68, 70, 3) (61, 72, 4) (41, 75, 3)
Queue2 : (4, 45, 3) (34, 45, 3) (85, 47, 8) (81, 54, 6) (89, 57, 3) (38, 60, 3) (28, 63, 7) (96, 63, 3) (27, 70, 10) (72, 70, 5) (6, 73, 4)
Queue3 : (9, 41, 1) (74, 45, 5) (67, 46, 10) (39, 48, 4) (58, 55, 7) (65, 56, 6) (43, 62, 4) (49, 65, 7) (51, 67, 5) (53, 69, 6) (24, 72, 4) (21, 74, 6)
Queue4 : (22, 39, 2) (56, 44, 5) (23, 47, 3) (36, 52, 10) (99, 55, 3) (16, 58, 6) (44, 62, 5) (78, 64, 6) (55, 65, 5) (60, 71, 5) (48, 72, 8)

Time: 76
Waiting clients:  (75, 77, 8) (32, 78, 4) (33, 78, 4) (94, 78, 2) (20, 79, 6) (88, 79, 3)
Queue1 : (3, 38, 2) (90, 39, 7) (1, 47, 6) (52, 47, 6) (14, 53, 8) (13, 57, 4) (70, 59, 3) (86, 62, 6) (73, 66, 9) (68, 70, 3) (61, 72, 4) (41, 75, 3)
Queue2 : (4, 45, 2) (34, 45, 3) (85, 47, 8) (81, 54, 6) (89, 57, 3) (38, 60, 3) (28, 63, 7) (96, 63, 3) (27, 70, 10) (72, 70, 5) (6, 73, 4) (29, 76, 2)
Queue3 : (74, 45, 5) (67, 46, 10) (39, 48, 4) (58, 55, 7) (65, 56, 6) (43, 62, 4) (49, 65, 7) (51, 67, 5) (53, 69, 6) (24, 72, 4) (21, 74, 6) (50, 76, 6)
Queue4 : (22, 39, 1) (56, 44, 5) (23, 47, 3) (36, 52, 10) (99, 55, 3) (16, 58, 6) (44, 62, 5) (78, 64, 6) (55, 65, 5) (60, 71, 5) (48, 72, 8) (54, 76, 6)

Time: 77
Waiting clients:  (32, 78, 4) (33, 78, 4) (94, 78, 2) (20, 79, 6) (88, 79, 3)
Queue1 : (3, 38, 1) (90, 39, 7) (1, 47, 6) (52, 47, 6) (14, 53, 8) (13, 57, 4) (70, 59, 3) (86, 62, 6) (73, 66, 9) (68, 70, 3) (61, 72, 4) (41, 75, 3)
Queue2 : (4, 45, 1) (34, 45, 3) (85, 47, 8) (81, 54, 6) (89, 57, 3) (38, 60, 3) (28, 63, 7) (96, 63, 3) (27, 70, 10) (72, 70, 5) (6, 73, 4) (29, 76, 2)
Queue3 : (74, 45, 4) (67, 46, 10) (39, 48, 4) (58, 55, 7) (65, 56, 6) (43, 62, 4) (49, 65, 7) (51, 67, 5) (53, 69, 6) (24, 72, 4) (21, 74, 6) (50, 76, 6)
Queue4 : (56, 44, 5) (23, 47, 3) (36, 52, 10) (99, 55, 3) (16, 58, 6) (44, 62, 5) (78, 64, 6) (55, 65, 5) (60, 71, 5) (48, 72, 8) (54, 76, 6) (75, 77, 8)

Time: 78
Waiting clients:  (20, 79, 6) (88, 79, 3)
Queue1 : (90, 39, 7) (1, 47, 6) (52, 47, 6) (14, 53, 8) (13, 57, 4) (70, 59, 3) (86, 62, 6) (73, 66, 9) (68, 70, 3) (61, 72, 4) (41, 75, 3) (32, 78, 4) (94, 78, 2)
Queue2 : (34, 45, 3) (85, 47, 8) (81, 54, 6) (89, 57, 3) (38, 60, 3) (28, 63, 7) (96, 63, 3) (27, 70, 10) (72, 70, 5) (6, 73, 4) (29, 76, 2) (33, 78, 4)
Queue3 : (74, 45, 3) (67, 46, 10) (39, 48, 4) (58, 55, 7) (65, 56, 6) (43, 62, 4) (49, 65, 7) (51, 67, 5) (53, 69, 6) (24, 72, 4) (21, 74, 6) (50, 76, 6)
Queue4 : (56, 44, 4) (23, 47, 3) (36, 52, 10) (99, 55, 3) (16, 58, 6) (44, 62, 5) (78, 64, 6) (55, 65, 5) (60, 71, 5) (48, 72, 8) (54, 76, 6) (75, 77, 8)

Time: 79
Waiting clients: 
Queue1 : (90, 39, 6) (1, 47, 6) (52, 47, 6) (14, 53, 8) (13, 57, 4) (70, 59, 3) (86, 62, 6) (73, 66, 9) (68, 70, 3) (61, 72, 4) (41, 75, 3) (32, 78, 4) (94, 78, 2)
Queue2 : (34, 45, 2) (85, 47, 8) (81, 54, 6) (89, 57, 3) (38, 60, 3) (28, 63, 7) (96, 63, 3) (27, 70, 10) (72, 70, 5) (6, 73, 4) (29, 76, 2) (33, 78, 4) (20, 79, 6)
Queue3 : (74, 45, 2) (67, 46, 10) (39, 48, 4) (58, 55, 7) (65, 56, 6) (43, 62, 4) (49, 65, 7) (51, 67, 5) (53, 69, 6) (24, 72, 4) (21, 74, 6) (50, 76, 6) (88, 79, 3)
Queue4 : (56, 44, 3) (23, 47, 3) (36, 52, 10) (99, 55, 3) (16, 58, 6) (44, 62, 5) (78, 64, 6) (55, 65, 5) (60, 71, 5) (48, 72, 8) (54, 76, 6) (75, 77, 8)

Time: 80
Waiting clients: 
Queue1 : (90, 39, 5) (1, 47, 6) (52, 47, 6) (14, 53, 8) (13, 57, 4) (70, 59, 3) (86, 62, 6) (73, 66, 9) (68, 70, 3) (61, 72, 4) (41, 75, 3) (32, 78, 4) (94, 78, 2)
Queue2 : (34, 45, 1) (85, 47, 8) (81, 54, 6) (89, 57, 3) (38, 60, 3) (28, 63, 7) (96, 63, 3) (27, 70, 10) (72, 70, 5) (6, 73, 4) (29, 76, 2) (33, 78, 4) (20, 79, 6)
Queue3 : (74, 45, 1) (67, 46, 10) (39, 48, 4) (58, 55, 7) (65, 56, 6) (43, 62, 4) (49, 65, 7) (51, 67, 5) (53, 69, 6) (24, 72, 4) (21, 74, 6) (50, 76, 6) (88, 79, 3)
Queue4 : (56, 44, 2) (23, 47, 3) (36, 52, 10) (99, 55, 3) (16, 58, 6) (44, 62, 5) (78, 64, 6) (55, 65, 5) (60, 71, 5) (48, 72, 8) (54, 76, 6) (75, 77, 8)

Time: 81
Waiting clients: 
Queue1 : (90, 39, 4) (1, 47, 6) (52, 47, 6) (14, 53, 8) (13, 57, 4) (70, 59, 3) (86, 62, 6) (73, 66, 9) (68, 70, 3) (61, 72, 4) (41, 75, 3) (32, 78, 4) (94, 78, 2)
Queue2 : (85, 47, 8) (81, 54, 6) (89, 57, 3) (38, 60, 3) (28, 63, 7) (96, 63, 3) (27, 70, 10) (72, 70, 5) (6, 73, 4) (29, 76, 2) (33, 78, 4) (20, 79, 6)
Queue3 : (67, 46, 10) (39, 48, 4) (58, 55, 7) (65, 56, 6) (43, 62, 4) (49, 65, 7) (51, 67, 5) (53, 69, 6) (24, 72, 4) (21, 74, 6) (50, 76, 6) (88, 79, 3)
Queue4 : (56, 44, 1) (23, 47, 3) (36, 52, 10) (99, 55, 3) (16, 58, 6) (44, 62, 5) (78, 64, 6) (55, 65, 5) (60, 71, 5) (48, 72, 8) (54, 76, 6) (75, 77, 8)

Time: 82
Waiting clients: 
Queue1 : (90, 39, 3) (1, 47, 6) (52, 47, 6) (14, 53, 8) (13, 57, 4) (70, 59, 3) (86, 62, 6) (73, 66, 9) (68, 70, 3) (61, 72, 4) (41, 75, 3) (32, 78, 4) (94, 78, 2)
Queue2 : (85, 47, 7) (81, 54, 6) (89, 57, 3) (38, 60, 3) (28, 63, 7) (96, 63, 3) (27, 70, 10) (72, 70, 5) (6, 73, 4) (29, 76, 2) (33, 78, 4) (20, 79, 6)
Queue3 : (67, 46, 9) (39, 48, 4) (58, 55, 7) (65, 56, 6) (43, 62, 4) (49, 65, 7) (51, 67, 5) (53, 69, 6) (24, 72, 4) (21, 74, 6) (50, 76, 6) (88, 79, 3)
Queue4 : (23, 47, 3) (36, 52, 10) (99, 55, 3) (16, 58, 6) (44, 62, 5) (78, 64, 6) (55, 65, 5) (60, 71, 5) (48, 72, 8) (54, 76, 6) (75, 77, 8)

Time: 83
Waiting clients: 
Queue1 : (90, 39, 2) (1, 47, 6) (52, 47, 6) (14, 53, 8) (13, 57, 4) (70, 59, 3) (86, 62, 6) (73, 66, 9) (68, 70, 3) (61, 72, 4) (41, 75, 3) (32, 78, 4) (94, 78, 2)
Queue2 : (85, 47, 6) (81, 54, 6) (89, 57, 3) (38, 60, 3) (28, 63, 7) (96, 63, 3) (27, 70, 10) (72, 70, 5) (6, 73, 4) (29, 76, 2) (33, 78, 4) (20, 79, 6)
Queue3 : (67, 46, 8) (39, 48, 4) (58, 55, 7) (65, 56, 6) (43, 62, 4) (49, 65, 7) (51, 67, 5) (53, 69, 6) (24, 72, 4) (21, 74, 6) (50, 76, 6) (88, 79, 3)
Queue4 : (23, 47, 2) (36, 52, 10) (99, 55, 3) (16, 58, 6) (44, 62, 5) (78, 64, 6) (55, 65, 5) (60, 71, 5) (48, 72, 8) (54, 76, 6) (75, 77, 8)

Time: 84
Waiting clients: 
Queue1 : (90, 39, 1) (1, 47, 6) (52, 47, 6) (14, 53, 8) (13, 57, 4) (70, 59, 3) (86, 62, 6) (73, 66, 9) (68, 70, 3) (61, 72, 4) (41, 75, 3) (32, 78, 4) (94, 78, 2)
Queue2 : (85, 47, 5) (81, 54, 6) (89, 57, 3) (38, 60, 3) (28, 63, 7) (96, 63, 3) (27, 70, 10) (72, 70, 5) (6, 73, 4) (29, 76, 2) (33, 78, 4) (20, 79, 6)
Queue3 : (67, 46, 7) (39, 48, 4) (58, 55, 7) (65, 56, 6) (43, 62, 4) (49, 65, 7) (51, 67, 5) (53, 69, 6) (24, 72, 4) (21, 74, 6) (50, 76, 6) (88, 79, 3)
Queue4 : (23, 47, 1) (36, 52, 10) (99, 55, 3) (16, 58, 6) (44, 62, 5) (78, 64, 6) (55, 65, 5) (60, 71, 5) (48, 72, 8) (54, 76, 6) (75, 77, 8)

Time: 85
Waiting clients: 
Queue1 : (1, 47, 6) (52, 47, 6) (14, 53, 8) (13, 57, 4) (70, 59, 3) (86, 62, 6) (73, 66, 9) (68, 70, 3) (61, 72, 4) (41, 75, 3) (32, 78, 4) (94, 78, 2)
Queue2 : (85, 47, 4) (81, 54, 6) (89, 57, 3) (38, 60, 3) (28, 63, 7) (96, 63, 3) (27, 70, 10) (72, 70, 5) (6, 73, 4) (29, 76, 2) (33, 78, 4) (20, 79, 6)
Queue3 : (67, 46, 6) (39, 48, 4) (58, 55, 7) (65, 56, 6) (43, 62, 4) (49, 65, 7) (51, 67, 5) (53, 69, 6) (24, 72, 4) (21, 74, 6) (50, 76, 6) (88, 79, 3)
Queue4 : (36, 52, 10) (99, 55, 3) (16, 58, 6) (44, 62, 5) (78, 64, 6) (55, 65, 5) (60, 71, 5) (48, 72, 8) (54, 76, 6) (75, 77, 8)

Time: 86
Waiting clients: 
Queue1 : (1, 47, 5) (52, 47, 6) (14, 53, 8) (13, 57, 4) (70, 59, 3) (86, 62, 6) (73, 66, 9) (68, 70, 3) (61, 72, 4) (41, 75, 3) (32, 78, 4) (94, 78, 2)
Queue2 : (85, 47, 3) (81, 54, 6) (89, 57, 3) (38, 60, 3) (28, 63, 7) (96, 63, 3) (27, 70, 10) (72, 70, 5) (6, 73, 4) (29, 76, 2) (33, 78, 4) (20, 79, 6)
Queue3 : (67, 46, 5) (39, 48, 4) (58, 55, 7) (65, 56, 6) (43, 62, 4) (49, 65, 7) (51, 67, 5) (53, 69, 6) (24, 72, 4) (21, 74, 6) (50, 76, 6) (88, 79, 3)
Queue4 : (36, 52, 9) (99, 55, 3) (16, 58, 6) (44, 62, 5) (78, 64, 6) (55, 65, 5) (60, 71, 5) (48, 72, 8) (54, 76, 6) (75, 77, 8)

Time: 87
Waiting clients: 
Queue1 : (1, 47, 4) (52, 47, 6) (14, 53, 8) (13, 57, 4) (70, 59, 3) (86, 62, 6) (73, 66, 9) (68, 70, 3) (61, 72, 4) (41, 75, 3) (32, 78, 4) (94, 78, 2)
Queue2 : (85, 47, 2) (81, 54, 6) (89, 57, 3) (38, 60, 3) (28, 63, 7) (96, 63, 3) (27, 70, 10) (72, 70, 5) (6, 73, 4) (29, 76, 2) (33, 78, 4) (20, 79, 6)
Queue3 : (67, 46, 4) (39, 48, 4) (58, 55, 7) (65, 56, 6) (43, 62, 4) (49, 65, 7) (51, 67, 5) (53, 69, 6) (24, 72, 4) (21, 74, 6) (50, 76, 6) (88, 79, 3)
Queue4 : (36, 52, 8) (99, 55, 3) (16, 58, 6) (44, 62, 5) (78, 64, 6) (55, 65, 5) (60, 71, 5) (48, 72, 8) (54, 76, 6) (75, 77, 8)

Time: 88
Waiting clients: 
Queue1 : (1, 47, 3) (52, 47, 6) (14, 53, 8) (13, 57, 4) (70, 59, 3) (86, 62, 6) (73, 66, 9) (68, 70, 3) (61, 72, 4) (41, 75, 3) (32, 78, 4) (94, 78, 2)
Queue2 : (85, 47, 1) (81, 54, 6) (89, 57, 3) (38, 60, 3) (28, 63, 7) (96, 63, 3) (27, 70, 10) (72, 70, 5) (6, 73, 4) (29, 76, 2) (33, 78, 4) (20, 79, 6)
Queue3 : (67, 46, 3) (39, 48, 4) (58, 55, 7) (65, 56, 6) (43, 62, 4) (49, 65, 7) (51, 67, 5) (53, 69, 6) (24, 72, 4) (21, 74, 6) (50, 76, 6) (88, 79, 3)
Queue4 : (36, 52, 7) (99, 55, 3) (16, 58, 6) (44, 62, 5) (78, 64, 6) (55, 65, 5) (60, 71, 5) (48, 72, 8) (54, 76, 6) (75, 77, 8)

Time: 89
Waiting clients: 
Queue1 : (1, 47, 2) (52, 47, 6) (14, 53, 8) (13, 57, 4) (70, 59, 3) (86, 62, 6) (73, 66, 9) (68, 70, 3) (61, 72, 4) (41, 75, 3) (32, 78, 4) (94, 78, 2)
Queue2 : (81, 54, 6) (89, 57, 3) (38, 60, 3) (28, 63, 7) (96, 63, 3) (27, 70, 10) (72, 70, 5) (6, 73, 4) (29, 76, 2) (33, 78, 4) (20, 79, 6)
Queue3 : (67, 46, 2) (39, 48, 4) (58, 55, 7) (65, 56, 6) (43, 62, 4) (49, 65, 7) (51, 67, 5) (53, 69, 6) (24, 72, 4) (21, 74, 6) (50, 76, 6) (88, 79, 3)
Queue4 : (36, 52, 6) (99, 55, 3) (16, 58, 6) (44, 62, 5) (78, 64, 6) (55, 65, 5) (60, 71, 5) (48, 72, 8) (54, 76, 6) (75, 77, 8)

Time: 90
Waiting clients: 
Queue1 : (1, 47, 1) (52, 47, 6) (14, 53, 8) (13, 57, 4) (70, 59, 3) (86, 62, 6) (73, 66, 9) (68, 70, 3) (61, 72, 4) (41, 75, 3) (32, 78, 4) (94, 78, 2)
Queue2 : (81, 54, 5) (89, 57, 3) (38, 60, 3) (28, 63, 7) (96, 63, 3) (27, 70, 10) (72, 70, 5) (6, 73, 4) (29, 76, 2) (33, 78, 4) (20, 79, 6)
Queue3 : (67, 46, 1) (39, 48, 4) (58, 55, 7) (65, 56, 6) (43, 62, 4) (49, 65, 7) (51, 67, 5) (53, 69, 6) (24, 72, 4) (21, 74, 6) (50, 76, 6) (88, 79, 3)
Queue4 : (36, 52, 5) (99, 55, 3) (16, 58, 6) (44, 62, 5) (78, 64, 6) (55, 65, 5) (60, 71, 5) (48, 72, 8) (54, 76, 6) (75, 77, 8)

Time: 91
Waiting clients: 
Queue1 : (52, 47, 6) (14, 53, 8) (13, 57, 4) (70, 59, 3) (86, 62, 6) (73, 66, 9) (68, 70, 3) (61, 72, 4) (41, 75, 3) (32, 78, 4) (94, 78, 2)
Queue2 : (81, 54, 4) (89, 57, 3) (38, 60, 3) (28, 63, 7) (96, 63, 3) (27, 70, 10) (72, 70, 5) (6, 73, 4) (29, 76, 2) (33, 78, 4) (20, 79, 6)
Queue3 : (39, 48, 4) (58, 55, 7) (65, 56, 6) (43, 62, 4) (49, 65, 7) (51, 67, 5) (53, 69, 6) (24, 72, 4) (21, 74, 6) (50, 76, 6) (88, 79, 3)
Queue4 : (36, 52, 4) (99, 55, 3) (16, 58, 6) (44, 62, 5) (78, 64, 6) (55, 65, 5) (60, 71, 5) (48, 72, 8) (54, 76, 6) (75, 77, 8)

Time: 92
Waiting clients: 
Queue1 : (52, 47, 5) (14, 53, 8) (13, 57, 4) (70, 59, 3) (86, 62, 6) (73, 66, 9) (68, 70, 3) (61, 72, 4) (41, 75, 3) (32, 78, 4) (94, 78, 2)
Queue2 : (81, 54, 3) (89, 57, 3) (38, 60, 3) (28, 63, 7) (96, 63, 3) (27, 70, 10) (72, 70, 5) (6, 73, 4) (29, 76, 2) (33, 78, 4) (20, 79, 6)
Queue3 : (39, 48, 3) (58, 55, 7) (65, 56, 6) (43, 62, 4) (49, 65, 7) (51, 67, 5) (53, 69, 6) (24, 72, 4) (21, 74, 6) (50, 76, 6) (88, 79, 3)
Queue4 : (36, 52, 3) (99, 55, 3) (16, 58, 6) (44, 62, 5) (78, 64, 6) (55, 65, 5) (60, 71, 5) (48, 72, 8) (54, 76, 6) (75, 77, 8)

Time: 93
Waiting clients: 
Queue1 : (52, 47, 4) (14, 53, 8) (13, 57, 4) (70, 59, 3) (86, 62, 6) (73, 66, 9) (68, 70, 3) (61, 72, 4) (41, 75, 3) (32, 78, 4) (94, 78, 2)
Queue2 : (81, 54, 2) (89, 57, 3) (38, 60, 3) (28, 63, 7) (96, 63, 3) (27, 70, 10) (72, 70, 5) (6, 73, 4) (29, 76, 2) (33, 78, 4) (20, 79, 6)
Queue3 : (39, 48, 2) (58, 55, 7) (65, 56, 6) (43, 62, 4) (49, 65, 7) (51, 67, 5) (53, 69, 6) (24, 72, 4) (21, 74, 6) (50, 76, 6) (88, 79, 3)
Queue4 : (36, 52, 2) (99, 55, 3) (16, 58, 6) (44, 62, 5) (78, 64, 6) (55, 65, 5) (60, 71, 5) (48, 72, 8) (54, 76, 6) (75, 77, 8)

Time: 94
Waiting clients: 
Queue1 : (52, 47, 3) (14, 53, 8) (13, 57, 4) (70, 59, 3) (86, 62, 6) (73, 66, 9) (68, 70, 3) (61, 72, 4) (41, 75, 3) (32, 78, 4) (94, 78, 2)
Queue2 : (81, 54, 1) (89, 57, 3) (38, 60, 3) (28, 63, 7) (96, 63, 3) (27, 70, 10) (72, 70, 5) (6, 73, 4) (29, 76, 2) (33, 78, 4) (20, 79, 6)
Queue3 : (39, 48, 1) (58, 55, 7) (65, 56, 6) (43, 62, 4) (49, 65, 7) (51, 67, 5) (53, 69, 6) (24, 72, 4) (21, 74, 6) (50, 76, 6) (88, 79, 3)
Queue4 : (36, 52, 1) (99, 55, 3) (16, 58, 6) (44, 62, 5) (78, 64, 6) (55, 65, 5) (60, 71, 5) (48, 72, 8) (54, 76, 6) (75, 77, 8)

Time: 95
Waiting clients: 
Queue1 : (52, 47, 2) (14, 53, 8) (13, 57, 4) (70, 59, 3) (86, 62, 6) (73, 66, 9) (68, 70, 3) (61, 72, 4) (41, 75, 3) (32, 78, 4) (94, 78, 2)
Queue2 : (89, 57, 3) (38, 60, 3) (28, 63, 7) (96, 63, 3) (27, 70, 10) (72, 70, 5) (6, 73, 4) (29, 76, 2) (33, 78, 4) (20, 79, 6)
Queue3 : (58, 55, 7) (65, 56, 6) (43, 62, 4) (49, 65, 7) (51, 67, 5) (53, 69, 6) (24, 72, 4) (21, 74, 6) (50, 76, 6) (88, 79, 3)
Queue4 : (99, 55, 3) (16, 58, 6) (44, 62, 5) (78, 64, 6) (55, 65, 5) (60, 71, 5) (48, 72, 8) (54, 76, 6) (75, 77, 8)

Time: 96
Waiting clients: 
Queue1 : (52, 47, 1) (14, 53, 8) (13, 57, 4) (70, 59, 3) (86, 62, 6) (73, 66, 9) (68, 70, 3) (61, 72, 4) (41, 75, 3) (32, 78, 4) (94, 78, 2)
Queue2 : (89, 57, 2) (38, 60, 3) (28, 63, 7) (96, 63, 3) (27, 70, 10) (72, 70, 5) (6, 73, 4) (29, 76, 2) (33, 78, 4) (20, 79, 6)
Queue3 : (58, 55, 6) (65, 56, 6) (43, 62, 4) (49, 65, 7) (51, 67, 5) (53, 69, 6) (24, 72, 4) (21, 74, 6) (50, 76, 6) (88, 79, 3)
Queue4 : (99, 55, 2) (16, 58, 6) (44, 62, 5) (78, 64, 6) (55, 65, 5) (60, 71, 5) (48, 72, 8) (54, 76, 6) (75, 77, 8)

Time: 97
Waiting clients: 
Queue1 : (14, 53, 8) (13, 57, 4) (70, 59, 3) (86, 62, 6) (73, 66, 9) (68, 70, 3) (61, 72, 4) (41, 75, 3) (32, 78, 4) (94, 78, 2)
Queue2 : (89, 57, 1) (38, 60, 3) (28, 63, 7) (96, 63, 3) (27, 70, 10) (72, 70, 5) (6, 73, 4) (29, 76, 2) (33, 78, 4) (20, 79, 6)
Queue3 : (58, 55, 5) (65, 56, 6) (43, 62, 4) (49, 65, 7) (51, 67, 5) (53, 69, 6) (24, 72, 4) (21, 74, 6) (50, 76, 6) (88, 79, 3)
Queue4 : (99, 55, 1) (16, 58, 6) (44, 62, 5) (78, 64, 6) (55, 65, 5) (60, 71, 5) (48, 72, 8) (54, 76, 6) (75, 77, 8)

Time: 98
Waiting clients: 
Queue1 : (14, 53, 7) (13, 57, 4) (70, 59, 3) (86, 62, 6) (73, 66, 9) (68, 70, 3) (61, 72, 4) (41, 75, 3) (32, 78, 4) (94, 78, 2)
Queue2 : (38, 60, 3) (28, 63, 7) (96, 63, 3) (27, 70, 10) (72, 70, 5) (6, 73, 4) (29, 76, 2) (33, 78, 4) (20, 79, 6)
Queue3 : (58, 55, 4) (65, 56, 6) (43, 62, 4) (49, 65, 7) (51, 67, 5) (53, 69, 6) (24, 72, 4) (21, 74, 6) (50, 76, 6) (88, 79, 3)
Queue4 : (16, 58, 6) (44, 62, 5) (78, 64, 6) (55, 65, 5) (60, 71, 5) (48, 72, 8) (54, 76, 6) (75, 77, 8)

Time: 99
Waiting clients: 
Queue1 : (14, 53, 6) (13, 57, 4) (70, 59, 3) (86, 62, 6) (73, 66, 9) (68, 70, 3) (61, 72, 4) (41, 75, 3) (32, 78, 4) (94, 78, 2)
Queue2 : (38, 60, 2) (28, 63, 7) (96, 63, 3) (27, 70, 10) (72, 70, 5) (6, 73, 4) (29, 76, 2) (33, 78, 4) (20, 79, 6)
Queue3 : (58, 55, 3) (65, 56, 6) (43, 62, 4) (49, 65, 7) (51, 67, 5) (53, 69, 6) (24, 72, 4) (21, 74, 6) (50, 76, 6) (88, 79, 3)
Queue4 : (16, 58, 5) (44, 62, 5) (78, 64, 6) (55, 65, 5) (60, 71, 5) (48, 72, 8) (54, 76, 6) (75, 77, 8)

FINAL STATS: 
AVerage Waiting Time: 25.10
Average Service Time: 6.00
Peak Hour: 79
