Time: 0
Waiting clients: (56, 1, 8)(57, 1, 5)(95, 1, 6)(12, 2, 8)(47, 2, 8)(68, 2, 4)(91, 2, 8)(11, 3, 9)(86, 4, 7)(40, 5, 9)(62, 8, 4)(48, 9, 2)(36, 13, 3)(99, 13, 5)(77, 14, 10)(34, 15, 7)(72, 15, 5)(28, 17, 6)(78, 17, 3)(31, 18, 9)(38, 19, 6)(43, 20, 2)(6, 21, 2)(8, 21, 2)(19, 21, 6)(64, 21, 7)(75, 21, 6)(39, 22, 8)(10, 23, 3)(51, 23, 8)(70, 24, 9)(81, 26, 3)(67, 27, 6)(16, 29, 3)(59, 29, 9)(9, 30, 2)(53, 30, 4)(54, 31, 5)(96, 31, 6)(5, 32, 10)(41, 32, 3)(20, 33, 5)(83, 33, 4)(33, 35, 2)(76, 35, 9)(88, 35, 9)(69, 37, 6)(74, 37, 5)(52, 39, 9)(24, 40, 10)(14, 41, 8)(71, 41, 8)(93, 42, 8)(4, 45, 4)(32, 45, 3)(97, 45, 9)(3, 46, 2)(98, 47, 10)(22, 49, 3)(35, 49, 4)(73, 49, 6)(90, 49, 2)(23, 50, 9)(13, 51, 2)(18, 51, 3)(50, 52, 3)(29, 53, 9)(85, 54, 3)(45, 55, 10)(63, 55, 3)(92, 55, 4)(27, 56, 3)(82, 56, 2)(25, 59, 10)(58, 59, 5)(100, 60, 2)(65, 61, 8)(1, 62, 7)(7, 62, 7)(37, 62, 4)(46, 62, 2)(42, 64, 6)(49, 65, 5)(87, 65, 7)(84, 66, 8)(15, 67, 6)(89, 69, 7)(60, 70, 4)(66, 70, 3)(79, 70, 2)(80, 70, 9)(2, 76, 8)(44, 76, 3)(55, 76, 8)(17, 78, 4)(61, 78, 3)(30, 79, 2)(94, 79, 10)(21, 80, 5)(26, 80, 5)
Queue1 :closed
Queue2 :closed
Queue3 :closed
Queue4 :closed

Time: 1
Waiting clients: (12, 2, 8)(47, 2, 8)(68, 2, 4)(91, 2, 8)(11, 3, 9)(86, 4, 7)(40, 5, 9)(62, 8, 4)(48, 9, 2)(36, 13, 3)(99, 13, 5)(77, 14, 10)(34, 15, 7)(72, 15, 5)(28, 17, 6)(78, 17, 3)(31, 18, 9)(38, 19, 6)(43, 20, 2)(6, 21, 2)(8, 21, 2)(19, 21, 6)(64, 21, 7)(75, 21, 6)(39, 22, 8)(10, 23, 3)(51, 23, 8)(70, 24, 9)(81, 26, 3)(67, 27, 6)(16, 29, 3)(59, 29, 9)(9, 30, 2)(53, 30, 4)(54, 31, 5)(96, 31, 6)(5, 32, 10)(41, 32, 3)(20, 33, 5)(83, 33, 4)(33, 35, 2)(76, 35, 9)(88, 35, 9)(69, 37, 6)(74, 37, 5)(52, 39, 9)(24, 40, 10)(14, 41, 8)(71, 41, 8)(93, 42, 8)(4, 45, 4)(32, 45, 3)(97, 45, 9)(3, 46, 2)(98, 47, 10)(22, 49, 3)(35, 49, 4)(73, 49, 6)(90, 49, 2)(23, 50, 9)(13, 51, 2)(18, 51, 3)(50, 52, 3)(29, 53, 9)(85, 54, 3)(45, 55, 10)(63, 55, 3)(92, 55, 4)(27, 56, 3)(82, 56, 2)(25, 59, 10)(58, 59, 5)(100, 60, 2)(65, 61, 8)(1, 62, 7)(7, 62, 7)(37, 62, 4)(46, 62, 2)(42, 64, 6)(49, 65, 5)(87, 65, 7)(84, 66, 8)(15, 67, 6)(89, 69, 7)(60, 70, 4)(66, 70, 3)(79, 70, 2)(80, 70, 9)(2, 76, 8)(44, 76, 3)(55, 76, 8)(17, 78, 4)(61, 78, 3)(30, 79, 2)(94, 79, 10)(21, 80, 5)(26, 80, 5)
Queue1 : (56, 1, 8)
Queue2 : (57, 1, 5)
Queue3 : (95, 1, 6)
Queue4 :closed

Time: 2
Waiting clients: (11, 3, 9)(86, 4, 7)(40, 5, 9)(62, 8, 4)(48, 9, 2)(36, 13, 3)(99, 13, 5)(77, 14, 10)(34, 15, 7)(72, 15, 5)(28, 17, 6)(78, 17, 3)(31, 18, 9)(38, 19, 6)(43, 20, 2)(6, 21, 2)(8, 21, 2)(19, 21, 6)(64, 21, 7)(75, 21, 6)(39, 22, 8)(10, 23, 3)(51, 23, 8)(70, 24, 9)(81, 26, 3)(67, 27, 6)(16, 29, 3)(59, 29, 9)(9, 30, 2)(53, 30, 4)(54, 31, 5)(96, 31, 6)(5, 32, 10)(41, 32, 3)(20, 33, 5)(83, 33, 4)(33, 35, 2)(76, 35, 9)(88, 35, 9)(69, 37, 6)(74, 37, 5)(52, 39, 9)(24, 40, 10)(14, 41, 8)(71, 41, 8)(93, 42, 8)(4, 45, 4)(32, 45, 3)(97, 45, 9)(3, 46, 2)(98, 47, 10)(22, 49, 3)(35, 49, 4)(73, 49, 6)(90, 49, 2)(23, 50, 9)(13, 51, 2)(18, 51, 3)(50, 52, 3)(29, 53, 9)(85, 54, 3)(45, 55, 10)(63, 55, 3)(92, 55, 4)(27, 56, 3)(82, 56, 2)(25, 59, 10)(58, 59, 5)(100, 60, 2)(65, 61, 8)(1, 62, 7)(7, 62, 7)(37, 62, 4)(46, 62, 2)(42, 64, 6)(49, 65, 5)(87, 65, 7)(84, 66, 8)(15, 67, 6)(89, 69, 7)(60, 70, 4)(66, 70, 3)(79, 70, 2)(80, 70, 9)(2, 76, 8)(44, 76, 3)(55, 76, 8)(17, 78, 4)(61, 78, 3)(30, 79, 2)(94, 79, 10)(21, 80, 5)(26, 80, 5)
Queue1 : (56, 1, 7) (47, 2, 8)
Queue2 : (57, 1, 4) (68, 2, 4)
Queue3 : (95, 1, 5) (91, 2, 8)
Queue4 : (12, 2, 8)

Time: 3
Waiting clients: (86, 4, 7)(40, 5, 9)(62, 8, 4)(48, 9, 2)(36, 13, 3)(99, 13, 5)(77, 14, 10)(34, 15, 7)(72, 15, 5)(28, 17, 6)(78, 17, 3)(31, 18, 9)(38, 19, 6)(43, 20, 2)(6, 21, 2)(8, 21, 2)(19, 21, 6)(64, 21, 7)(75, 21, 6)(39, 22, 8)(10, 23, 3)(51, 23, 8)(70, 24, 9)(81, 26, 3)(67, 27, 6)(16, 29, 3)(59, 29, 9)(9, 30, 2)(53, 30, 4)(54, 31, 5)(96, 31, 6)(5, 32, 10)(41, 32, 3)(20, 33, 5)(83, 33, 4)(33, 35, 2)(76, 35, 9)(88, 35, 9)(69, 37, 6)(74, 37, 5)(52, 39, 9)(24, 40, 10)(14, 41, 8)(71, 41, 8)(93, 42, 8)(4, 45, 4)(32, 45, 3)(97, 45, 9)(3, 46, 2)(98, 47, 10)(22, 49, 3)(35, 49, 4)(73, 49, 6)(90, 49, 2)(23, 50, 9)(13, 51, 2)(18, 51, 3)(50, 52, 3)(29, 53, 9)(85, 54, 3)(45, 55, 10)(63, 55, 3)(92, 55, 4)(27, 56, 3)(82, 56, 2)(25, 59, 10)(58, 59, 5)(100, 60, 2)(65, 61, 8)(1, 62, 7)(7, 62, 7)(37, 62, 4)(46, 62, 2)(42, 64, 6)(49, 65, 5)(87, 65, 7)(84, 66, 8)(15, 67, 6)(89, 69, 7)(60, 70, 4)(66, 70, 3)(79, 70, 2)(80, 70, 9)(2, 76, 8)(44, 76, 3)(55, 76, 8)(17, 78, 4)(61, 78, 3)(30, 79, 2)(94, 79, 10)(21, 80, 5)(26, 80, 5)
Queue1 : (56, 1, 6) (47, 2, 8)
Queue2 : (57, 1, 3) (68, 2, 4)
Queue3 : (95, 1, 4) (91, 2, 8)
Queue4 : (12, 2, 7) (11, 3, 9)

Time: 4
Waiting clients: (40, 5, 9)(62, 8, 4)(48, 9, 2)(36, 13, 3)(99, 13, 5)(77, 14, 10)(34, 15, 7)(72, 15, 5)(28, 17, 6)(78, 17, 3)(31, 18, 9)(38, 19, 6)(43, 20, 2)(6, 21, 2)(8, 21, 2)(19, 21, 6)(64, 21, 7)(75, 21, 6)(39, 22, 8)(10, 23, 3)(51, 23, 8)(70, 24, 9)(81, 26, 3)(67, 27, 6)(16, 29, 3)(59, 29, 9)(9, 30, 2)(53, 30, 4)(54, 31, 5)(96, 31, 6)(5, 32, 10)(41, 32, 3)(20, 33, 5)(83, 33, 4)(33, 35, 2)(76, 35, 9)(88, 35, 9)(69, 37, 6)(74, 37, 5)(52, 39, 9)(24, 40, 10)(14, 41, 8)(71, 41, 8)(93, 42, 8)(4, 45, 4)(32, 45, 3)(97, 45, 9)(3, 46, 2)(98, 47, 10)(22, 49, 3)(35, 49, 4)(73, 49, 6)(90, 49, 2)(23, 50, 9)(13, 51, 2)(18, 51, 3)(50, 52, 3)(29, 53, 9)(85, 54, 3)(45, 55, 10)(63, 55, 3)(92, 55, 4)(27, 56, 3)(82, 56, 2)(25, 59, 10)(58, 59, 5)(100, 60, 2)(65, 61, 8)(1, 62, 7)(7, 62, 7)(37, 62, 4)(46, 62, 2)(42, 64, 6)(49, 65, 5)(87, 65, 7)(84, 66, 8)(15, 67, 6)(89, 69, 7)(60, 70, 4)(66, 70, 3)(79, 70, 2)(80, 70, 9)(2, 76, 8)(44, 76, 3)(55, 76, 8)(17, 78, 4)(61, 78, 3)(30, 79, 2)(94, 79, 10)(21, 80, 5)(26, 80, 5)
Queue1 : (56, 1, 5) (47, 2, 8) (86, 4, 7)
Queue2 : (57, 1, 2) (68, 2, 4)
Queue3 : (95, 1, 3) (91, 2, 8)
Queue4 : (12, 2, 6) (11, 3, 9)

Time: 5
Waiting clients: (62, 8, 4)(48, 9, 2)(36, 13, 3)(99, 13, 5)(77, 14, 10)(34, 15, 7)(72, 15, 5)(28, 17, 6)(78, 17, 3)(31, 18, 9)(38, 19, 6)(43, 20, 2)(6, 21, 2)(8, 21, 2)(19, 21, 6)(64, 21, 7)(75, 21, 6)(39, 22, 8)(10, 23, 3)(51, 23, 8)(70, 24, 9)(81, 26, 3)(67, 27, 6)(16, 29, 3)(59, 29, 9)(9, 30, 2)(53, 30, 4)(54, 31, 5)(96, 31, 6)(5, 32, 10)(41, 32, 3)(20, 33, 5)(83, 33, 4)(33, 35, 2)(76, 35, 9)(88, 35, 9)(69, 37, 6)(74, 37, 5)(52, 39, 9)(24, 40, 10)(14, 41, 8)(71, 41, 8)(93, 42, 8)(4, 45, 4)(32, 45, 3)(97, 45, 9)(3, 46, 2)(98, 47, 10)(22, 49, 3)(35, 49, 4)(73, 49, 6)(90, 49, 2)(23, 50, 9)(13, 51, 2)(18, 51, 3)(50, 52, 3)(29, 53, 9)(85, 54, 3)(45, 55, 10)(63, 55, 3)(92, 55, 4)(27, 56, 3)(82, 56, 2)(25, 59, 10)(58, 59, 5)(100, 60, 2)(65, 61, 8)(1, 62, 7)(7, 62, 7)(37, 62, 4)(46, 62, 2)(42, 64, 6)(49, 65, 5)(87, 65, 7)(84, 66, 8)(15, 67, 6)(89, 69, 7)(60, 70, 4)(66, 70, 3)(79, 70, 2)(80, 70, 9)(2, 76, 8)(44, 76, 3)(55, 76, 8)(17, 78, 4)(61, 78, 3)(30, 79, 2)(94, 79, 10)(21, 80, 5)(26, 80, 5)
Queue1 : (56, 1, 4) (47, 2, 8) (86, 4, 7)
Queue2 : (57, 1, 1) (68, 2, 4) (40, 5, 9)
Queue3 : (95, 1, 2) (91, 2, 8)
Queue4 : (12, 2, 5) (11, 3, 9)

Time: 6
Waiting clients: (62, 8, 4)(48, 9, 2)(36, 13, 3)(99, 13, 5)(77, 14, 10)(34, 15, 7)(72, 15, 5)(28, 17, 6)(78, 17, 3)(31, 18, 9)(38, 19, 6)(43, 20, 2)(6, 21, 2)(8, 21, 2)(19, 21, 6)(64, 21, 7)(75, 21, 6)(39, 22, 8)(10, 23, 3)(51, 23, 8)(70, 24, 9)(81, 26, 3)(67, 27, 6)(16, 29, 3)(59, 29, 9)(9, 30, 2)(53, 30, 4)(54, 31, 5)(96, 31, 6)(5, 32, 10)(41, 32, 3)(20, 33, 5)(83, 33, 4)(33, 35, 2)(76, 35, 9)(88, 35, 9)(69, 37, 6)(74, 37, 5)(52, 39, 9)(24, 40, 10)(14, 41, 8)(71, 41, 8)(93, 42, 8)(4, 45, 4)(32, 45, 3)(97, 45, 9)(3, 46, 2)(98, 47, 10)(22, 49, 3)(35, 49, 4)(73, 49, 6)(90, 49, 2)(23, 50, 9)(13, 51, 2)(18, 51, 3)(50, 52, 3)(29, 53, 9)(85, 54, 3)(45, 55, 10)(63, 55, 3)(92, 55, 4)(27, 56, 3)(82, 56, 2)(25, 59, 10)(58, 59, 5)(100, 60, 2)(65, 61, 8)(1, 62, 7)(7, 62, 7)(37, 62, 4)(46, 62, 2)(42, 64, 6)(49, 65, 5)(87, 65, 7)(84, 66, 8)(15, 67, 6)(89, 69, 7)(60, 70, 4)(66, 70, 3)(79, 70, 2)(80, 70, 9)(2, 76, 8)(44, 76, 3)(55, 76, 8)(17, 78, 4)(61, 78, 3)(30, 79, 2)(94, 79, 10)(21, 80, 5)(26, 80, 5)
Queue1 : (56, 1, 3) (47, 2, 8) (86, 4, 7)
Queue2 : (68, 2, 4) (40, 5, 9)
Queue3 : (95, 1, 1) (91, 2, 8)
Queue4 : (12, 2, 4) (11, 3, 9)

Time: 7
Waiting clients: (62, 8, 4)(48, 9, 2)(36, 13, 3)(99, 13, 5)(77, 14, 10)(34, 15, 7)(72, 15, 5)(28, 17, 6)(78, 17, 3)(31, 18, 9)(38, 19, 6)(43, 20, 2)(6, 21, 2)(8, 21, 2)(19, 21, 6)(64, 21, 7)(75, 21, 6)(39, 22, 8)(10, 23, 3)(51, 23, 8)(70, 24, 9)(81, 26, 3)(67, 27, 6)(16, 29, 3)(59, 29, 9)(9, 30, 2)(53, 30, 4)(54, 31, 5)(96, 31, 6)(5, 32, 10)(41, 32, 3)(20, 33, 5)(83, 33, 4)(33, 35, 2)(76, 35, 9)(88, 35, 9)(69, 37, 6)(74, 37, 5)(52, 39, 9)(24, 40, 10)(14, 41, 8)(71, 41, 8)(93, 42, 8)(4, 45, 4)(32, 45, 3)(97, 45, 9)(3, 46, 2)(98, 47, 10)(22, 49, 3)(35, 49, 4)(73, 49, 6)(90, 49, 2)(23, 50, 9)(13, 51, 2)(18, 51, 3)(50, 52, 3)(29, 53, 9)(85, 54, 3)(45, 55, 10)(63, 55, 3)(92, 55, 4)(27, 56, 3)(82, 56, 2)(25, 59, 10)(58, 59, 5)(100, 60, 2)(65, 61, 8)(1, 62, 7)(7, 62, 7)(37, 62, 4)(46, 62, 2)(42, 64, 6)(49, 65, 5)(87, 65, 7)(84, 66, 8)(15, 67, 6)(89, 69, 7)(60, 70, 4)(66, 70, 3)(79, 70, 2)(80, 70, 9)(2, 76, 8)(44, 76, 3)(55, 76, 8)(17, 78, 4)(61, 78, 3)(30, 79, 2)(94, 79, 10)(21, 80, 5)(26, 80, 5)
Queue1 : (56, 1, 2) (47, 2, 8) (86, 4, 7)
Queue2 : (68, 2, 3) (40, 5, 9)
Queue3 : (91, 2, 8)
Queue4 : (12, 2, 3) (11, 3, 9)

Time: 8
Waiting clients: (48, 9, 2)(36, 13, 3)(99, 13, 5)(77, 14, 10)(34, 15, 7)(72, 15, 5)(28, 17, 6)(78, 17, 3)(31, 18, 9)(38, 19, 6)(43, 20, 2)(6, 21, 2)(8, 21, 2)(19, 21, 6)(64, 21, 7)(75, 21, 6)(39, 22, 8)(10, 23, 3)(51, 23, 8)(70, 24, 9)(81, 26, 3)(67, 27, 6)(16, 29, 3)(59, 29, 9)(9, 30, 2)(53, 30, 4)(54, 31, 5)(96, 31, 6)(5, 32, 10)(41, 32, 3)(20, 33, 5)(83, 33, 4)(33, 35, 2)(76, 35, 9)(88, 35, 9)(69, 37, 6)(74, 37, 5)(52, 39, 9)(24, 40, 10)(14, 41, 8)(71, 41, 8)(93, 42, 8)(4, 45, 4)(32, 45, 3)(97, 45, 9)(3, 46, 2)(98, 47, 10)(22, 49, 3)(35, 49, 4)(73, 49, 6)(90, 49, 2)(23, 50, 9)(13, 51, 2)(18, 51, 3)(50, 52, 3)(29, 53, 9)(85, 54, 3)(45, 55, 10)(63, 55, 3)(92, 55, 4)(27, 56, 3)(82, 56, 2)(25, 59, 10)(58, 59, 5)(100, 60, 2)(65, 61, 8)(1, 62, 7)(7, 62, 7)(37, 62, 4)(46, 62, 2)(42, 64, 6)(49, 65, 5)(87, 65, 7)(84, 66, 8)(15, 67, 6)(89, 69, 7)(60, 70, 4)(66, 70, 3)(79, 70, 2)(80, 70, 9)(2, 76, 8)(44, 76, 3)(55, 76, 8)(17, 78, 4)(61, 78, 3)(30, 79, 2)(94, 79, 10)(21, 80, 5)(26, 80, 5)
Queue1 : (56, 1, 1) (47, 2, 8) (86, 4, 7)
Queue2 : (68, 2, 2) (40, 5, 9)
Queue3 : (91, 2, 7) (62, 8, 4)
Queue4 : (12, 2, 2) (11, 3, 9)

Time: 9
Waiting clients: (36, 13, 3)(99, 13, 5)(77, 14, 10)(34, 15, 7)(72, 15, 5)(28, 17, 6)(78, 17, 3)(31, 18, 9)(38, 19, 6)(43, 20, 2)(6, 21, 2)(8, 21, 2)(19, 21, 6)(64, 21, 7)(75, 21, 6)(39, 22, 8)(10, 23, 3)(51, 23, 8)(70, 24, 9)(81, 26, 3)(67, 27, 6)(16, 29, 3)(59, 29, 9)(9, 30, 2)(53, 30, 4)(54, 31, 5)(96, 31, 6)(5, 32, 10)(41, 32, 3)(20, 33, 5)(83, 33, 4)(33, 35, 2)(76, 35, 9)(88, 35, 9)(69, 37, 6)(74, 37, 5)(52, 39, 9)(24, 40, 10)(14, 41, 8)(71, 41, 8)(93, 42, 8)(4, 45, 4)(32, 45, 3)(97, 45, 9)(3, 46, 2)(98, 47, 10)(22, 49, 3)(35, 49, 4)(73, 49, 6)(90, 49, 2)(23, 50, 9)(13, 51, 2)(18, 51, 3)(50, 52, 3)(29, 53, 9)(85, 54, 3)(45, 55, 10)(63, 55, 3)(92, 55, 4)(27, 56, 3)(82, 56, 2)(25, 59, 10)(58, 59, 5)(100, 60, 2)(65, 61, 8)(1, 62, 7)(7, 62, 7)(37, 62, 4)(46, 62, 2)(42, 64, 6)(49, 65, 5)(87, 65, 7)(84, 66, 8)(15, 67, 6)(89, 69, 7)(60, 70, 4)(66, 70, 3)(79, 70, 2)(80, 70, 9)(2, 76, 8)(44, 76, 3)(55, 76, 8)(17, 78, 4)(61, 78, 3)(30, 79, 2)(94, 79, 10)(21, 80, 5)(26, 80, 5)
Queue1 : (47, 2, 8) (86, 4, 7) (48, 9, 2)
Queue2 : (68, 2, 1) (40, 5, 9)
Queue3 : (91, 2, 6) (62, 8, 4)
Queue4 : (12, 2, 1) (11, 3, 9)

Time: 10
Waiting clients: (36, 13, 3)(99, 13, 5)(77, 14, 10)(34, 15, 7)(72, 15, 5)(28, 17, 6)(78, 17, 3)(31, 18, 9)(38, 19, 6)(43, 20, 2)(6, 21, 2)(8, 21, 2)(19, 21, 6)(64, 21, 7)(75, 21, 6)(39, 22, 8)(10, 23, 3)(51, 23, 8)(70, 24, 9)(81, 26, 3)(67, 27, 6)(16, 29, 3)(59, 29, 9)(9, 30, 2)(53, 30, 4)(54, 31, 5)(96, 31, 6)(5, 32, 10)(41, 32, 3)(20, 33, 5)(83, 33, 4)(33, 35, 2)(76, 35, 9)(88, 35, 9)(69, 37, 6)(74, 37, 5)(52, 39, 9)(24, 40, 10)(14, 41, 8)(71, 41, 8)(93, 42, 8)(4, 45, 4)(32, 45, 3)(97, 45, 9)(3, 46, 2)(98, 47, 10)(22, 49, 3)(35, 49, 4)(73, 49, 6)(90, 49, 2)(23, 50, 9)(13, 51, 2)(18, 51, 3)(50, 52, 3)(29, 53, 9)(85, 54, 3)(45, 55, 10)(63, 55, 3)(92, 55, 4)(27, 56, 3)(82, 56, 2)(25, 59, 10)(58, 59, 5)(100, 60, 2)(65, 61, 8)(1, 62, 7)(7, 62, 7)(37, 62, 4)(46, 62, 2)(42, 64, 6)(49, 65, 5)(87, 65, 7)(84, 66, 8)(15, 67, 6)(89, 69, 7)(60, 70, 4)(66, 70, 3)(79, 70, 2)(80, 70, 9)(2, 76, 8)(44, 76, 3)(55, 76, 8)(17, 78, 4)(61, 78, 3)(30, 79, 2)(94, 79, 10)(21, 80, 5)(26, 80, 5)
Queue1 : (47, 2, 7) (86, 4, 7) (48, 9, 2)
Queue2 : (40, 5, 9)
Queue3 : (91, 2, 5) (62, 8, 4)
Queue4 : (11, 3, 9)

Time: 11
Waiting clients: (36, 13, 3)(99, 13, 5)(77, 14, 10)(34, 15, 7)(72, 15, 5)(28, 17, 6)(78, 17, 3)(31, 18, 9)(38, 19, 6)(43, 20, 2)(6, 21, 2)(8, 21, 2)(19, 21, 6)(64, 21, 7)(75, 21, 6)(39, 22, 8)(10, 23, 3)(51, 23, 8)(70, 24, 9)(81, 26, 3)(67, 27, 6)(16, 29, 3)(59, 29, 9)(9, 30, 2)(53, 30, 4)(54, 31, 5)(96, 31, 6)(5, 32, 10)(41, 32, 3)(20, 33, 5)(83, 33, 4)(33, 35, 2)(76, 35, 9)(88, 35, 9)(69, 37, 6)(74, 37, 5)(52, 39, 9)(24, 40, 10)(14, 41, 8)(71, 41, 8)(93, 42, 8)(4, 45, 4)(32, 45, 3)(97, 45, 9)(3, 46, 2)(98, 47, 10)(22, 49, 3)(35, 49, 4)(73, 49, 6)(90, 49, 2)(23, 50, 9)(13, 51, 2)(18, 51, 3)(50, 52, 3)(29, 53, 9)(85, 54, 3)(45, 55, 10)(63, 55, 3)(92, 55, 4)(27, 56, 3)(82, 56, 2)(25, 59, 10)(58, 59, 5)(100, 60, 2)(65, 61, 8)(1, 62, 7)(7, 62, 7)(37, 62, 4)(46, 62, 2)(42, 64, 6)(49, 65, 5)(87, 65, 7)(84, 66, 8)(15, 67, 6)(89, 69, 7)(60, 70, 4)(66, 70, 3)(79, 70, 2)(80, 70, 9)(2, 76, 8)(44, 76, 3)(55, 76, 8)(17, 78, 4)(61, 78, 3)(30, 79, 2)(94, 79, 10)(21, 80, 5)(26, 80, 5)
Queue1 : (47, 2, 6) (86, 4, 7) (48, 9, 2)
Queue2 : (40, 5, 8)
Queue3 : (91, 2, 4) (62, 8, 4)
Queue4 : (11, 3, 8)

Time: 12
Waiting clients: (36, 13, 3)(99, 13, 5)(77, 14, 10)(34, 15, 7)(72, 15, 5)(28, 17, 6)(78, 17, 3)(31, 18, 9)(38, 19, 6)(43, 20, 2)(6, 21, 2)(8, 21, 2)(19, 21, 6)(64, 21, 7)(75, 21, 6)(39, 22, 8)(10, 23, 3)(51, 23, 8)(70, 24, 9)(81, 26, 3)(67, 27, 6)(16, 29, 3)(59, 29, 9)(9, 30, 2)(53, 30, 4)(54, 31, 5)(96, 31, 6)(5, 32, 10)(41, 32, 3)(20, 33, 5)(83, 33, 4)(33, 35, 2)(76, 35, 9)(88, 35, 9)(69, 37, 6)(74, 37, 5)(52, 39, 9)(24, 40, 10)(14, 41, 8)(71, 41, 8)(93, 42, 8)(4, 45, 4)(32, 45, 3)(97, 45, 9)(3, 46, 2)(98, 47, 10)(22, 49, 3)(35, 49, 4)(73, 49, 6)(90, 49, 2)(23, 50, 9)(13, 51, 2)(18, 51, 3)(50, 52, 3)(29, 53, 9)(85, 54, 3)(45, 55, 10)(63, 55, 3)(92, 55, 4)(27, 56, 3)(82, 56, 2)(25, 59, 10)(58, 59, 5)(100, 60, 2)(65, 61, 8)(1, 62, 7)(7, 62, 7)(37, 62, 4)(46, 62, 2)(42, 64, 6)(49, 65, 5)(87, 65, 7)(84, 66, 8)(15, 67, 6)(89, 69, 7)(60, 70, 4)(66, 70, 3)(79, 70, 2)(80, 70, 9)(2, 76, 8)(44, 76, 3)(55, 76, 8)(17, 78, 4)(61, 78, 3)(30, 79, 2)(94, 79, 10)(21, 80, 5)(26, 80, 5)
Queue1 : (47, 2, 5) (86, 4, 7) (48, 9, 2)
Queue2 : (40, 5, 7)
Queue3 : (91, 2, 3) (62, 8, 4)
Queue4 : (11, 3, 7)

Time: 13
Waiting clients: (77, 14, 10)(34, 15, 7)(72, 15, 5)(28, 17, 6)(78, 17, 3)(31, 18, 9)(38, 19, 6)(43, 20, 2)(6, 21, 2)(8, 21, 2)(19, 21, 6)(64, 21, 7)(75, 21, 6)(39, 22, 8)(10, 23, 3)(51, 23, 8)(70, 24, 9)(81, 26, 3)(67, 27, 6)(16, 29, 3)(59, 29, 9)(9, 30, 2)(53, 30, 4)(54, 31, 5)(96, 31, 6)(5, 32, 10)(41, 32, 3)(20, 33, 5)(83, 33, 4)(33, 35, 2)(76, 35, 9)(88, 35, 9)(69, 37, 6)(74, 37, 5)(52, 39, 9)(24, 40, 10)(14, 41, 8)(71, 41, 8)(93, 42, 8)(4, 45, 4)(32, 45, 3)(97, 45, 9)(3, 46, 2)(98, 47, 10)(22, 49, 3)(35, 49, 4)(73, 49, 6)(90, 49, 2)(23, 50, 9)(13, 51, 2)(18, 51, 3)(50, 52, 3)(29, 53, 9)(85, 54, 3)(45, 55, 10)(63, 55, 3)(92, 55, 4)(27, 56, 3)(82, 56, 2)(25, 59, 10)(58, 59, 5)(100, 60, 2)(65, 61, 8)(1, 62, 7)(7, 62, 7)(37, 62, 4)(46, 62, 2)(42, 64, 6)(49, 65, 5)(87, 65, 7)(84, 66, 8)(15, 67, 6)(89, 69, 7)(60, 70, 4)(66, 70, 3)(79, 70, 2)(80, 70, 9)(2, 76, 8)(44, 76, 3)(55, 76, 8)(17, 78, 4)(61, 78, 3)(30, 79, 2)(94, 79, 10)(21, 80, 5)(26, 80, 5)
Queue1 : (47, 2, 4) (86, 4, 7) (48, 9, 2)
Queue2 : (40, 5, 6) (36, 13, 3)
Queue3 : (91, 2, 2) (62, 8, 4)
Queue4 : (11, 3, 6) (99, 13, 5)

Time: 14
Waiting clients: (34, 15, 7)(72, 15, 5)(28, 17, 6)(78, 17, 3)(31, 18, 9)(38, 19, 6)(43, 20, 2)(6, 21, 2)(8, 21, 2)(19, 21, 6)(64, 21, 7)(75, 21, 6)(39, 22, 8)(10, 23, 3)(51, 23, 8)(70, 24, 9)(81, 26, 3)(67, 27, 6)(16, 29, 3)(59, 29, 9)(9, 30, 2)(53, 30, 4)(54, 31, 5)(96, 31, 6)(5, 32, 10)(41, 32, 3)(20, 33, 5)(83, 33, 4)(33, 35, 2)(76, 35, 9)(88, 35, 9)(69, 37, 6)(74, 37, 5)(52, 39, 9)(24, 40, 10)(14, 41, 8)(71, 41, 8)(93, 42, 8)(4, 45, 4)(32, 45, 3)(97, 45, 9)(3, 46, 2)(98, 47, 10)(22, 49, 3)(35, 49, 4)(73, 49, 6)(90, 49, 2)(23, 50, 9)(13, 51, 2)(18, 51, 3)(50, 52, 3)(29, 53, 9)(85, 54, 3)(45, 55, 10)(63, 55, 3)(92, 55, 4)(27, 56, 3)(82, 56, 2)(25, 59, 10)(58, 59, 5)(100, 60, 2)(65, 61, 8)(1, 62, 7)(7, 62, 7)(37, 62, 4)(46, 62, 2)(42, 64, 6)(49, 65, 5)(87, 65, 7)(84, 66, 8)(15, 67, 6)(89, 69, 7)(60, 70, 4)(66, 70, 3)(79, 70, 2)(80, 70, 9)(2, 76, 8)(44, 76, 3)(55, 76, 8)(17, 78, 4)(61, 78, 3)(30, 79, 2)(94, 79, 10)(21, 80, 5)(26, 80, 5)
Queue1 : (47, 2, 3) (86, 4, 7) (48, 9, 2)
Queue2 : (40, 5, 5) (36, 13, 3) (77, 14, 10)
Queue3 : (91, 2, 1) (62, 8, 4)
Queue4 : (11, 3, 5) (99, 13, 5)

Time: 15
Waiting clients: (28, 17, 6)(78, 17, 3)(31, 18, 9)(38, 19, 6)(43, 20, 2)(6, 21, 2)(8, 21, 2)(19, 21, 6)(64, 21, 7)(75, 21, 6)(39, 22, 8)(10, 23, 3)(51, 23, 8)(70, 24, 9)(81, 26, 3)(67, 27, 6)(16, 29, 3)(59, 29, 9)(9, 30, 2)(53, 30, 4)(54, 31, 5)(96, 31, 6)(5, 32, 10)(41, 32, 3)(20, 33, 5)(83, 33, 4)(33, 35, 2)(76, 35, 9)(88, 35, 9)(69, 37, 6)(74, 37, 5)(52, 39, 9)(24, 40, 10)(14, 41, 8)(71, 41, 8)(93, 42, 8)(4, 45, 4)(32, 45, 3)(97, 45, 9)(3, 46, 2)(98, 47, 10)(22, 49, 3)(35, 49, 4)(73, 49, 6)(90, 49, 2)(23, 50, 9)(13, 51, 2)(18, 51, 3)(50, 52, 3)(29, 53, 9)(85, 54, 3)(45, 55, 10)(63, 55, 3)(92, 55, 4)(27, 56, 3)(82, 56, 2)(25, 59, 10)(58, 59, 5)(100, 60, 2)(65, 61, 8)(1, 62, 7)(7, 62, 7)(37, 62, 4)(46, 62, 2)(42, 64, 6)(49, 65, 5)(87, 65, 7)(84, 66, 8)(15, 67, 6)(89, 69, 7)(60, 70, 4)(66, 70, 3)(79, 70, 2)(80, 70, 9)(2, 76, 8)(44, 76, 3)(55, 76, 8)(17, 78, 4)(61, 78, 3)(30, 79, 2)(94, 79, 10)(21, 80, 5)(26, 80, 5)
Queue1 : (47, 2, 2) (86, 4, 7) (48, 9, 2)
Queue2 : (40, 5, 4) (36, 13, 3) (77, 14, 10)
Queue3 : (62, 8, 4) (34, 15, 7) (72, 15, 5)
Queue4 : (11, 3, 4) (99, 13, 5)

Time: 16
Waiting clients: (28, 17, 6)(78, 17, 3)(31, 18, 9)(38, 19, 6)(43, 20, 2)(6, 21, 2)(8, 21, 2)(19, 21, 6)(64, 21, 7)(75, 21, 6)(39, 22, 8)(10, 23, 3)(51, 23, 8)(70, 24, 9)(81, 26, 3)(67, 27, 6)(16, 29, 3)(59, 29, 9)(9, 30, 2)(53, 30, 4)(54, 31, 5)(96, 31, 6)(5, 32, 10)(41, 32, 3)(20, 33, 5)(83, 33, 4)(33, 35, 2)(76, 35, 9)(88, 35, 9)(69, 37, 6)(74, 37, 5)(52, 39, 9)(24, 40, 10)(14, 41, 8)(71, 41, 8)(93, 42, 8)(4, 45, 4)(32, 45, 3)(97, 45, 9)(3, 46, 2)(98, 47, 10)(22, 49, 3)(35, 49, 4)(73, 49, 6)(90, 49, 2)(23, 50, 9)(13, 51, 2)(18, 51, 3)(50, 52, 3)(29, 53, 9)(85, 54, 3)(45, 55, 10)(63, 55, 3)(92, 55, 4)(27, 56, 3)(82, 56, 2)(25, 59, 10)(58, 59, 5)(100, 60, 2)(65, 61, 8)(1, 62, 7)(7, 62, 7)(37, 62, 4)(46, 62, 2)(42, 64, 6)(49, 65, 5)(87, 65, 7)(84, 66, 8)(15, 67, 6)(89, 69, 7)(60, 70, 4)(66, 70, 3)(79, 70, 2)(80, 70, 9)(2, 76, 8)(44, 76, 3)(55, 76, 8)(17, 78, 4)(61, 78, 3)(30, 79, 2)(94, 79, 10)(21, 80, 5)(26, 80, 5)
Queue1 : (47, 2, 1) (86, 4, 7) (48, 9, 2)
Queue2 : (40, 5, 3) (36, 13, 3) (77, 14, 10)
Queue3 : (62, 8, 3) (34, 15, 7) (72, 15, 5)
Queue4 : (11, 3, 3) (99, 13, 5)

Time: 17
Waiting clients: (31, 18, 9)(38, 19, 6)(43, 20, 2)(6, 21, 2)(8, 21, 2)(19, 21, 6)(64, 21, 7)(75, 21, 6)(39, 22, 8)(10, 23, 3)(51, 23, 8)(70, 24, 9)(81, 26, 3)(67, 27, 6)(16, 29, 3)(59, 29, 9)(9, 30, 2)(53, 30, 4)(54, 31, 5)(96, 31, 6)(5, 32, 10)(41, 32, 3)(20, 33, 5)(83, 33, 4)(33, 35, 2)(76, 35, 9)(88, 35, 9)(69, 37, 6)(74, 37, 5)(52, 39, 9)(24, 40, 10)(14, 41, 8)(71, 41, 8)(93, 42, 8)(4, 45, 4)(32, 45, 3)(97, 45, 9)(3, 46, 2)(98, 47, 10)(22, 49, 3)(35, 49, 4)(73, 49, 6)(90, 49, 2)(23, 50, 9)(13, 51, 2)(18, 51, 3)(50, 52, 3)(29, 53, 9)(85, 54, 3)(45, 55, 10)(63, 55, 3)(92, 55, 4)(27, 56, 3)(82, 56, 2)(25, 59, 10)(58, 59, 5)(100, 60, 2)(65, 61, 8)(1, 62, 7)(7, 62, 7)(37, 62, 4)(46, 62, 2)(42, 64, 6)(49, 65, 5)(87, 65, 7)(84, 66, 8)(15, 67, 6)(89, 69, 7)(60, 70, 4)(66, 70, 3)(79, 70, 2)(80, 70, 9)(2, 76, 8)(44, 76, 3)(55, 76, 8)(17, 78, 4)(61, 78, 3)(30, 79, 2)(94, 79, 10)(21, 80, 5)(26, 80, 5)
Queue1 : (86, 4, 7) (48, 9, 2) (28, 17, 6)
Queue2 : (40, 5, 2) (36, 13, 3) (77, 14, 10)
Queue3 : (62, 8, 2) (34, 15, 7) (72, 15, 5)
Queue4 : (11, 3, 2) (99, 13, 5) (78, 17, 3)

Time: 18
Waiting clients: (38, 19, 6)(43, 20, 2)(6, 21, 2)(8, 21, 2)(19, 21, 6)(64, 21, 7)(75, 21, 6)(39, 22, 8)(10, 23, 3)(51, 23, 8)(70, 24, 9)(81, 26, 3)(67, 27, 6)(16, 29, 3)(59, 29, 9)(9, 30, 2)(53, 30, 4)(54, 31, 5)(96, 31, 6)(5, 32, 10)(41, 32, 3)(20, 33, 5)(83, 33, 4)(33, 35, 2)(76, 35, 9)(88, 35, 9)(69, 37, 6)(74, 37, 5)(52, 39, 9)(24, 40, 10)(14, 41, 8)(71, 41, 8)(93, 42, 8)(4, 45, 4)(32, 45, 3)(97, 45, 9)(3, 46, 2)(98, 47, 10)(22, 49, 3)(35, 49, 4)(73, 49, 6)(90, 49, 2)(23, 50, 9)(13, 51, 2)(18, 51, 3)(50, 52, 3)(29, 53, 9)(85, 54, 3)(45, 55, 10)(63, 55, 3)(92, 55, 4)(27, 56, 3)(82, 56, 2)(25, 59, 10)(58, 59, 5)(100, 60, 2)(65, 61, 8)(1, 62, 7)(7, 62, 7)(37, 62, 4)(46, 62, 2)(42, 64, 6)(49, 65, 5)(87, 65, 7)(84, 66, 8)(15, 67, 6)(89, 69, 7)(60, 70, 4)(66, 70, 3)(79, 70, 2)(80, 70, 9)(2, 76, 8)(44, 76, 3)(55, 76, 8)(17, 78, 4)(61, 78, 3)(30, 79, 2)(94, 79, 10)(21, 80, 5)(26, 80, 5)
Queue1 : (86, 4, 6) (48, 9, 2) (28, 17, 6) (31, 18, 9)
Queue2 : (40, 5, 1) (36, 13, 3) (77, 14, 10)
Queue3 : (62, 8, 1) (34, 15, 7) (72, 15, 5)
Queue4 : (11, 3, 1) (99, 13, 5) (78, 17, 3)

Time: 19
Waiting clients: (43, 20, 2)(6, 21, 2)(8, 21, 2)(19, 21, 6)(64, 21, 7)(75, 21, 6)(39, 22, 8)(10, 23, 3)(51, 23, 8)(70, 24, 9)(81, 26, 3)(67, 27, 6)(16, 29, 3)(59, 29, 9)(9, 30, 2)(53, 30, 4)(54, 31, 5)(96, 31, 6)(5, 32, 10)(41, 32, 3)(20, 33, 5)(83, 33, 4)(33, 35, 2)(76, 35, 9)(88, 35, 9)(69, 37, 6)(74, 37, 5)(52, 39, 9)(24, 40, 10)(14, 41, 8)(71, 41, 8)(93, 42, 8)(4, 45, 4)(32, 45, 3)(97, 45, 9)(3, 46, 2)(98, 47, 10)(22, 49, 3)(35, 49, 4)(73, 49, 6)(90, 49, 2)(23, 50, 9)(13, 51, 2)(18, 51, 3)(50, 52, 3)(29, 53, 9)(85, 54, 3)(45, 55, 10)(63, 55, 3)(92, 55, 4)(27, 56, 3)(82, 56, 2)(25, 59, 10)(58, 59, 5)(100, 60, 2)(65, 61, 8)(1, 62, 7)(7, 62, 7)(37, 62, 4)(46, 62, 2)(42, 64, 6)(49, 65, 5)(87, 65, 7)(84, 66, 8)(15, 67, 6)(89, 69, 7)(60, 70, 4)(66, 70, 3)(79, 70, 2)(80, 70, 9)(2, 76, 8)(44, 76, 3)(55, 76, 8)(17, 78, 4)(61, 78, 3)(30, 79, 2)(94, 79, 10)(21, 80, 5)(26, 80, 5)
Queue1 : (86, 4, 5) (48, 9, 2) (28, 17, 6) (31, 18, 9)
Queue2 : (36, 13, 3) (77, 14, 10) (38, 19, 6)
Queue3 : (34, 15, 7) (72, 15, 5)
Queue4 : (99, 13, 5) (78, 17, 3)

Time: 20
Waiting clients: (6, 21, 2)(8, 21, 2)(19, 21, 6)(64, 21, 7)(75, 21, 6)(39, 22, 8)(10, 23, 3)(51, 23, 8)(70, 24, 9)(81, 26, 3)(67, 27, 6)(16, 29, 3)(59, 29, 9)(9, 30, 2)(53, 30, 4)(54, 31, 5)(96, 31, 6)(5, 32, 10)(41, 32, 3)(20, 33, 5)(83, 33, 4)(33, 35, 2)(76, 35, 9)(88, 35, 9)(69, 37, 6)(74, 37, 5)(52, 39, 9)(24, 40, 10)(14, 41, 8)(71, 41, 8)(93, 42, 8)(4, 45, 4)(32, 45, 3)(97, 45, 9)(3, 46, 2)(98, 47, 10)(22, 49, 3)(35, 49, 4)(73, 49, 6)(90, 49, 2)(23, 50, 9)(13, 51, 2)(18, 51, 3)(50, 52, 3)(29, 53, 9)(85, 54, 3)(45, 55, 10)(63, 55, 3)(92, 55, 4)(27, 56, 3)(82, 56, 2)(25, 59, 10)(58, 59, 5)(100, 60, 2)(65, 61, 8)(1, 62, 7)(7, 62, 7)(37, 62, 4)(46, 62, 2)(42, 64, 6)(49, 65, 5)(87, 65, 7)(84, 66, 8)(15, 67, 6)(89, 69, 7)(60, 70, 4)(66, 70, 3)(79, 70, 2)(80, 70, 9)(2, 76, 8)(44, 76, 3)(55, 76, 8)(17, 78, 4)(61, 78, 3)(30, 79, 2)(94, 79, 10)(21, 80, 5)(26, 80, 5)
Queue1 : (86, 4, 4) (48, 9, 2) (28, 17, 6) (31, 18, 9)
Queue2 : (36, 13, 2) (77, 14, 10) (38, 19, 6)
Queue3 : (34, 15, 6) (72, 15, 5) (43, 20, 2)
Queue4 : (99, 13, 4) (78, 17, 3)

Time: 21
Waiting clients: (39, 22, 8)(10, 23, 3)(51, 23, 8)(70, 24, 9)(81, 26, 3)(67, 27, 6)(16, 29, 3)(59, 29, 9)(9, 30, 2)(53, 30, 4)(54, 31, 5)(96, 31, 6)(5, 32, 10)(41, 32, 3)(20, 33, 5)(83, 33, 4)(33, 35, 2)(76, 35, 9)(88, 35, 9)(69, 37, 6)(74, 37, 5)(52, 39, 9)(24, 40, 10)(14, 41, 8)(71, 41, 8)(93, 42, 8)(4, 45, 4)(32, 45, 3)(97, 45, 9)(3, 46, 2)(98, 47, 10)(22, 49, 3)(35, 49, 4)(73, 49, 6)(90, 49, 2)(23, 50, 9)(13, 51, 2)(18, 51, 3)(50, 52, 3)(29, 53, 9)(85, 54, 3)(45, 55, 10)(63, 55, 3)(92, 55, 4)(27, 56, 3)(82, 56, 2)(25, 59, 10)(58, 59, 5)(100, 60, 2)(65, 61, 8)(1, 62, 7)(7, 62, 7)(37, 62, 4)(46, 62, 2)(42, 64, 6)(49, 65, 5)(87, 65, 7)(84, 66, 8)(15, 67, 6)(89, 69, 7)(60, 70, 4)(66, 70, 3)(79, 70, 2)(80, 70, 9)(2, 76, 8)(44, 76, 3)(55, 76, 8)(17, 78, 4)(61, 78, 3)(30, 79, 2)(94, 79, 10)(21, 80, 5)(26, 80, 5)
Queue1 : (86, 4, 3) (48, 9, 2) (28, 17, 6) (31, 18, 9) (75, 21, 6)
Queue2 : (36, 13, 1) (77, 14, 10) (38, 19, 6) (8, 21, 2)
Queue3 : (34, 15, 5) (72, 15, 5) (43, 20, 2) (19, 21, 6)
Queue4 : (99, 13, 3) (78, 17, 3) (6, 21, 2) (64, 21, 7)

Time: 22
Waiting clients: (10, 23, 3)(51, 23, 8)(70, 24, 9)(81, 26, 3)(67, 27, 6)(16, 29, 3)(59, 29, 9)(9, 30, 2)(53, 30, 4)(54, 31, 5)(96, 31, 6)(5, 32, 10)(41, 32, 3)(20, 33, 5)(83, 33, 4)(33, 35, 2)(76, 35, 9)(88, 35, 9)(69, 37, 6)(74, 37, 5)(52, 39, 9)(24, 40, 10)(14, 41, 8)(71, 41, 8)(93, 42, 8)(4, 45, 4)(32, 45, 3)(97, 45, 9)(3, 46, 2)(98, 47, 10)(22, 49, 3)(35, 49, 4)(73, 49, 6)(90, 49, 2)(23, 50, 9)(13, 51, 2)(18, 51, 3)(50, 52, 3)(29, 53, 9)(85, 54, 3)(45, 55, 10)(63, 55, 3)(92, 55, 4)(27, 56, 3)(82, 56, 2)(25, 59, 10)(58, 59, 5)(100, 60, 2)(65, 61, 8)(1, 62, 7)(7, 62, 7)(37, 62, 4)(46, 62, 2)(42, 64, 6)(49, 65, 5)(87, 65, 7)(84, 66, 8)(15, 67, 6)(89, 69, 7)(60, 70, 4)(66, 70, 3)(79, 70, 2)(80, 70, 9)(2, 76, 8)(44, 76, 3)(55, 76, 8)(17, 78, 4)(61, 78, 3)(30, 79, 2)(94, 79, 10)(21, 80, 5)(26, 80, 5)
Queue1 : (86, 4, 2) (48, 9, 2) (28, 17, 6) (31, 18, 9) (75, 21, 6)
Queue2 : (77, 14, 10) (38, 19, 6) (8, 21, 2) (39, 22, 8)
Queue3 : (34, 15, 4) (72, 15, 5) (43, 20, 2) (19, 21, 6)
Queue4 : (99, 13, 2) (78, 17, 3) (6, 21, 2) (64, 21, 7)

Time: 23
Waiting clients: (70, 24, 9)(81, 26, 3)(67, 27, 6)(16, 29, 3)(59, 29, 9)(9, 30, 2)(53, 30, 4)(54, 31, 5)(96, 31, 6)(5, 32, 10)(41, 32, 3)(20, 33, 5)(83, 33, 4)(33, 35, 2)(76, 35, 9)(88, 35, 9)(69, 37, 6)(74, 37, 5)(52, 39, 9)(24, 40, 10)(14, 41, 8)(71, 41, 8)(93, 42, 8)(4, 45, 4)(32, 45, 3)(97, 45, 9)(3, 46, 2)(98, 47, 10)(22, 49, 3)(35, 49, 4)(73, 49, 6)(90, 49, 2)(23, 50, 9)(13, 51, 2)(18, 51, 3)(50, 52, 3)(29, 53, 9)(85, 54, 3)(45, 55, 10)(63, 55, 3)(92, 55, 4)(27, 56, 3)(82, 56, 2)(25, 59, 10)(58, 59, 5)(100, 60, 2)(65, 61, 8)(1, 62, 7)(7, 62, 7)(37, 62, 4)(46, 62, 2)(42, 64, 6)(49, 65, 5)(87, 65, 7)(84, 66, 8)(15, 67, 6)(89, 69, 7)(60, 70, 4)(66, 70, 3)(79, 70, 2)(80, 70, 9)(2, 76, 8)(44, 76, 3)(55, 76, 8)(17, 78, 4)(61, 78, 3)(30, 79, 2)(94, 79, 10)(21, 80, 5)(26, 80, 5)
Queue1 : (86, 4, 1) (48, 9, 2) (28, 17, 6) (31, 18, 9) (75, 21, 6)
Queue2 : (77, 14, 9) (38, 19, 6) (8, 21, 2) (39, 22, 8) (10, 23, 3)
Queue3 : (34, 15, 3) (72, 15, 5) (43, 20, 2) (19, 21, 6) (51, 23, 8)
Queue4 : (99, 13, 1) (78, 17, 3) (6, 21, 2) (64, 21, 7)

Time: 24
Waiting clients: (81, 26, 3)(67, 27, 6)(16, 29, 3)(59, 29, 9)(9, 30, 2)(53, 30, 4)(54, 31, 5)(96, 31, 6)(5, 32, 10)(41, 32, 3)(20, 33, 5)(83, 33, 4)(33, 35, 2)(76, 35, 9)(88, 35, 9)(69, 37, 6)(74, 37, 5)(52, 39, 9)(24, 40, 10)(14, 41, 8)(71, 41, 8)(93, 42, 8)(4, 45, 4)(32, 45, 3)(97, 45, 9)(3, 46, 2)(98, 47, 10)(22, 49, 3)(35, 49, 4)(73, 49, 6)(90, 49, 2)(23, 50, 9)(13, 51, 2)(18, 51, 3)(50, 52, 3)(29, 53, 9)(85, 54, 3)(45, 55, 10)(63, 55, 3)(92, 55, 4)(27, 56, 3)(82, 56, 2)(25, 59, 10)(58, 59, 5)(100, 60, 2)(65, 61, 8)(1, 62, 7)(7, 62, 7)(37, 62, 4)(46, 62, 2)(42, 64, 6)(49, 65, 5)(87, 65, 7)(84, 66, 8)(15, 67, 6)(89, 69, 7)(60, 70, 4)(66, 70, 3)(79, 70, 2)(80, 70, 9)(2, 76, 8)(44, 76, 3)(55, 76, 8)(17, 78, 4)(61, 78, 3)(30, 79, 2)(94, 79, 10)(21, 80, 5)(26, 80, 5)
Queue1 : (48, 9, 2) (28, 17, 6) (31, 18, 9) (75, 21, 6)
Queue2 : (77, 14, 8) (38, 19, 6) (8, 21, 2) (39, 22, 8) (10, 23, 3)
Queue3 : (34, 15, 2) (72, 15, 5) (43, 20, 2) (19, 21, 6) (51, 23, 8)
Queue4 : (78, 17, 3) (6, 21, 2) (64, 21, 7) (70, 24, 9)

Time: 25
Waiting clients: (81, 26, 3)(67, 27, 6)(16, 29, 3)(59, 29, 9)(9, 30, 2)(53, 30, 4)(54, 31, 5)(96, 31, 6)(5, 32, 10)(41, 32, 3)(20, 33, 5)(83, 33, 4)(33, 35, 2)(76, 35, 9)(88, 35, 9)(69, 37, 6)(74, 37, 5)(52, 39, 9)(24, 40, 10)(14, 41, 8)(71, 41, 8)(93, 42, 8)(4, 45, 4)(32, 45, 3)(97, 45, 9)(3, 46, 2)(98, 47, 10)(22, 49, 3)(35, 49, 4)(73, 49, 6)(90, 49, 2)(23, 50, 9)(13, 51, 2)(18, 51, 3)(50, 52, 3)(29, 53, 9)(85, 54, 3)(45, 55, 10)(63, 55, 3)(92, 55, 4)(27, 56, 3)(82, 56, 2)(25, 59, 10)(58, 59, 5)(100, 60, 2)(65, 61, 8)(1, 62, 7)(7, 62, 7)(37, 62, 4)(46, 62, 2)(42, 64, 6)(49, 65, 5)(87, 65, 7)(84, 66, 8)(15, 67, 6)(89, 69, 7)(60, 70, 4)(66, 70, 3)(79, 70, 2)(80, 70, 9)(2, 76, 8)(44, 76, 3)(55, 76, 8)(17, 78, 4)(61, 78, 3)(30, 79, 2)(94, 79, 10)(21, 80, 5)(26, 80, 5)
Queue1 : (48, 9, 1) (28, 17, 6) (31, 18, 9) (75, 21, 6)
Queue2 : (77, 14, 7) (38, 19, 6) (8, 21, 2) (39, 22, 8) (10, 23, 3)
Queue3 : (34, 15, 1) (72, 15, 5) (43, 20, 2) (19, 21, 6) (51, 23, 8)
Queue4 : (78, 17, 2) (6, 21, 2) (64, 21, 7) (70, 24, 9)

Time: 26
Waiting clients: (67, 27, 6)(16, 29, 3)(59, 29, 9)(9, 30, 2)(53, 30, 4)(54, 31, 5)(96, 31, 6)(5, 32, 10)(41, 32, 3)(20, 33, 5)(83, 33, 4)(33, 35, 2)(76, 35, 9)(88, 35, 9)(69, 37, 6)(74, 37, 5)(52, 39, 9)(24, 40, 10)(14, 41, 8)(71, 41, 8)(93, 42, 8)(4, 45, 4)(32, 45, 3)(97, 45, 9)(3, 46, 2)(98, 47, 10)(22, 49, 3)(35, 49, 4)(73, 49, 6)(90, 49, 2)(23, 50, 9)(13, 51, 2)(18, 51, 3)(50, 52, 3)(29, 53, 9)(85, 54, 3)(45, 55, 10)(63, 55, 3)(92, 55, 4)(27, 56, 3)(82, 56, 2)(25, 59, 10)(58, 59, 5)(100, 60, 2)(65, 61, 8)(1, 62, 7)(7, 62, 7)(37, 62, 4)(46, 62, 2)(42, 64, 6)(49, 65, 5)(87, 65, 7)(84, 66, 8)(15, 67, 6)(89, 69, 7)(60, 70, 4)(66, 70, 3)(79, 70, 2)(80, 70, 9)(2, 76, 8)(44, 76, 3)(55, 76, 8)(17, 78, 4)(61, 78, 3)(30, 79, 2)(94, 79, 10)(21, 80, 5)(26, 80, 5)
Queue1 : (28, 17, 6) (31, 18, 9) (75, 21, 6) (81, 26, 3)
Queue2 : (77, 14, 6) (38, 19, 6) (8, 21, 2) (39, 22, 8) (10, 23, 3)
Queue3 : (72, 15, 5) (43, 20, 2) (19, 21, 6) (51, 23, 8)
Queue4 : (78, 17, 1) (6, 21, 2) (64, 21, 7) (70, 24, 9)

Time: 27
Waiting clients: (16, 29, 3)(59, 29, 9)(9, 30, 2)(53, 30, 4)(54, 31, 5)(96, 31, 6)(5, 32, 10)(41, 32, 3)(20, 33, 5)(83, 33, 4)(33, 35, 2)(76, 35, 9)(88, 35, 9)(69, 37, 6)(74, 37, 5)(52, 39, 9)(24, 40, 10)(14, 41, 8)(71, 41, 8)(93, 42, 8)(4, 45, 4)(32, 45, 3)(97, 45, 9)(3, 46, 2)(98, 47, 10)(22, 49, 3)(35, 49, 4)(73, 49, 6)(90, 49, 2)(23, 50, 9)(13, 51, 2)(18, 51, 3)(50, 52, 3)(29, 53, 9)(85, 54, 3)(45, 55, 10)(63, 55, 3)(92, 55, 4)(27, 56, 3)(82, 56, 2)(25, 59, 10)(58, 59, 5)(100, 60, 2)(65, 61, 8)(1, 62, 7)(7, 62, 7)(37, 62, 4)(46, 62, 2)(42, 64, 6)(49, 65, 5)(87, 65, 7)(84, 66, 8)(15, 67, 6)(89, 69, 7)(60, 70, 4)(66, 70, 3)(79, 70, 2)(80, 70, 9)(2, 76, 8)(44, 76, 3)(55, 76, 8)(17, 78, 4)(61, 78, 3)(30, 79, 2)(94, 79, 10)(21, 80, 5)(26, 80, 5)
Queue1 : (28, 17, 5) (31, 18, 9) (75, 21, 6) (81, 26, 3)
Queue2 : (77, 14, 5) (38, 19, 6) (8, 21, 2) (39, 22, 8) (10, 23, 3)
Queue3 : (72, 15, 4) (43, 20, 2) (19, 21, 6) (51, 23, 8)
Queue4 : (6, 21, 2) (64, 21, 7) (70, 24, 9) (67, 27, 6)

Time: 28
Waiting clients: (16, 29, 3)(59, 29, 9)(9, 30, 2)(53, 30, 4)(54, 31, 5)(96, 31, 6)(5, 32, 10)(41, 32, 3)(20, 33, 5)(83, 33, 4)(33, 35, 2)(76, 35, 9)(88, 35, 9)(69, 37, 6)(74, 37, 5)(52, 39, 9)(24, 40, 10)(14, 41, 8)(71, 41, 8)(93, 42, 8)(4, 45, 4)(32, 45, 3)(97, 45, 9)(3, 46, 2)(98, 47, 10)(22, 49, 3)(35, 49, 4)(73, 49, 6)(90, 49, 2)(23, 50, 9)(13, 51, 2)(18, 51, 3)(50, 52, 3)(29, 53, 9)(85, 54, 3)(45, 55, 10)(63, 55, 3)(92, 55, 4)(27, 56, 3)(82, 56, 2)(25, 59, 10)(58, 59, 5)(100, 60, 2)(65, 61, 8)(1, 62, 7)(7, 62, 7)(37, 62, 4)(46, 62, 2)(42, 64, 6)(49, 65, 5)(87, 65, 7)(84, 66, 8)(15, 67, 6)(89, 69, 7)(60, 70, 4)(66, 70, 3)(79, 70, 2)(80, 70, 9)(2, 76, 8)(44, 76, 3)(55, 76, 8)(17, 78, 4)(61, 78, 3)(30, 79, 2)(94, 79, 10)(21, 80, 5)(26, 80, 5)
Queue1 : (28, 17, 4) (31, 18, 9) (75, 21, 6) (81, 26, 3)
Queue2 : (77, 14, 4) (38, 19, 6) (8, 21, 2) (39, 22, 8) (10, 23, 3)
Queue3 : (72, 15, 3) (43, 20, 2) (19, 21, 6) (51, 23, 8)
Queue4 : (6, 21, 1) (64, 21, 7) (70, 24, 9) (67, 27, 6)

Time: 29
Waiting clients: (9, 30, 2)(53, 30, 4)(54, 31, 5)(96, 31, 6)(5, 32, 10)(41, 32, 3)(20, 33, 5)(83, 33, 4)(33, 35, 2)(76, 35, 9)(88, 35, 9)(69, 37, 6)(74, 37, 5)(52, 39, 9)(24, 40, 10)(14, 41, 8)(71, 41, 8)(93, 42, 8)(4, 45, 4)(32, 45, 3)(97, 45, 9)(3, 46, 2)(98, 47, 10)(22, 49, 3)(35, 49, 4)(73, 49, 6)(90, 49, 2)(23, 50, 9)(13, 51, 2)(18, 51, 3)(50, 52, 3)(29, 53, 9)(85, 54, 3)(45, 55, 10)(63, 55, 3)(92, 55, 4)(27, 56, 3)(82, 56, 2)(25, 59, 10)(58, 59, 5)(100, 60, 2)(65, 61, 8)(1, 62, 7)(7, 62, 7)(37, 62, 4)(46, 62, 2)(42, 64, 6)(49, 65, 5)(87, 65, 7)(84, 66, 8)(15, 67, 6)(89, 69, 7)(60, 70, 4)(66, 70, 3)(79, 70, 2)(80, 70, 9)(2, 76, 8)(44, 76, 3)(55, 76, 8)(17, 78, 4)(61, 78, 3)(30, 79, 2)(94, 79, 10)(21, 80, 5)(26, 80, 5)
Queue1 : (28, 17, 3) (31, 18, 9) (75, 21, 6) (81, 26, 3) (59, 29, 9)
Queue2 : (77, 14, 3) (38, 19, 6) (8, 21, 2) (39, 22, 8) (10, 23, 3)
Queue3 : (72, 15, 2) (43, 20, 2) (19, 21, 6) (51, 23, 8)
Queue4 : (64, 21, 7) (70, 24, 9) (67, 27, 6) (16, 29, 3)

Time: 30
Waiting clients: (54, 31, 5)(96, 31, 6)(5, 32, 10)(41, 32, 3)(20, 33, 5)(83, 33, 4)(33, 35, 2)(76, 35, 9)(88, 35, 9)(69, 37, 6)(74, 37, 5)(52, 39, 9)(24, 40, 10)(14, 41, 8)(71, 41, 8)(93, 42, 8)(4, 45, 4)(32, 45, 3)(97, 45, 9)(3, 46, 2)(98, 47, 10)(22, 49, 3)(35, 49, 4)(73, 49, 6)(90, 49, 2)(23, 50, 9)(13, 51, 2)(18, 51, 3)(50, 52, 3)(29, 53, 9)(85, 54, 3)(45, 55, 10)(63, 55, 3)(92, 55, 4)(27, 56, 3)(82, 56, 2)(25, 59, 10)(58, 59, 5)(100, 60, 2)(65, 61, 8)(1, 62, 7)(7, 62, 7)(37, 62, 4)(46, 62, 2)(42, 64, 6)(49, 65, 5)(87, 65, 7)(84, 66, 8)(15, 67, 6)(89, 69, 7)(60, 70, 4)(66, 70, 3)(79, 70, 2)(80, 70, 9)(2, 76, 8)(44, 76, 3)(55, 76, 8)(17, 78, 4)(61, 78, 3)(30, 79, 2)(94, 79, 10)(21, 80, 5)(26, 80, 5)
Queue1 : (28, 17, 2) (31, 18, 9) (75, 21, 6) (81, 26, 3) (59, 29, 9)
Queue2 : (77, 14, 2) (38, 19, 6) (8, 21, 2) (39, 22, 8) (10, 23, 3)
Queue3 : (72, 15, 1) (43, 20, 2) (19, 21, 6) (51, 23, 8) (9, 30, 2)
Queue4 : (64, 21, 6) (70, 24, 9) (67, 27, 6) (16, 29, 3) (53, 30, 4)

Time: 31
Waiting clients: (5, 32, 10)(41, 32, 3)(20, 33, 5)(83, 33, 4)(33, 35, 2)(76, 35, 9)(88, 35, 9)(69, 37, 6)(74, 37, 5)(52, 39, 9)(24, 40, 10)(14, 41, 8)(71, 41, 8)(93, 42, 8)(4, 45, 4)(32, 45, 3)(97, 45, 9)(3, 46, 2)(98, 47, 10)(22, 49, 3)(35, 49, 4)(73, 49, 6)(90, 49, 2)(23, 50, 9)(13, 51, 2)(18, 51, 3)(50, 52, 3)(29, 53, 9)(85, 54, 3)(45, 55, 10)(63, 55, 3)(92, 55, 4)(27, 56, 3)(82, 56, 2)(25, 59, 10)(58, 59, 5)(100, 60, 2)(65, 61, 8)(1, 62, 7)(7, 62, 7)(37, 62, 4)(46, 62, 2)(42, 64, 6)(49, 65, 5)(87, 65, 7)(84, 66, 8)(15, 67, 6)(89, 69, 7)(60, 70, 4)(66, 70, 3)(79, 70, 2)(80, 70, 9)(2, 76, 8)(44, 76, 3)(55, 76, 8)(17, 78, 4)(61, 78, 3)(30, 79, 2)(94, 79, 10)(21, 80, 5)(26, 80, 5)
Queue1 : (28, 17, 1) (31, 18, 9) (75, 21, 6) (81, 26, 3) (59, 29, 9) (96, 31, 6)
Queue2 : (77, 14, 1) (38, 19, 6) (8, 21, 2) (39, 22, 8) (10, 23, 3)
Queue3 : (43, 20, 2) (19, 21, 6) (51, 23, 8) (9, 30, 2) (54, 31, 5)
Queue4 : (64, 21, 5) (70, 24, 9) (67, 27, 6) (16, 29, 3) (53, 30, 4)

Time: 32
Waiting clients: (20, 33, 5)(83, 33, 4)(33, 35, 2)(76, 35, 9)(88, 35, 9)(69, 37, 6)(74, 37, 5)(52, 39, 9)(24, 40, 10)(14, 41, 8)(71, 41, 8)(93, 42, 8)(4, 45, 4)(32, 45, 3)(97, 45, 9)(3, 46, 2)(98, 47, 10)(22, 49, 3)(35, 49, 4)(73, 49, 6)(90, 49, 2)(23, 50, 9)(13, 51, 2)(18, 51, 3)(50, 52, 3)(29, 53, 9)(85, 54, 3)(45, 55, 10)(63, 55, 3)(92, 55, 4)(27, 56, 3)(82, 56, 2)(25, 59, 10)(58, 59, 5)(100, 60, 2)(65, 61, 8)(1, 62, 7)(7, 62, 7)(37, 62, 4)(46, 62, 2)(42, 64, 6)(49, 65, 5)(87, 65, 7)(84, 66, 8)(15, 67, 6)(89, 69, 7)(60, 70, 4)(66, 70, 3)(79, 70, 2)(80, 70, 9)(2, 76, 8)(44, 76, 3)(55, 76, 8)(17, 78, 4)(61, 78, 3)(30, 79, 2)(94, 79, 10)(21, 80, 5)(26, 80, 5)
Queue1 : (31, 18, 9) (75, 21, 6) (81, 26, 3) (59, 29, 9) (96, 31, 6) (41, 32, 3)
Queue2 : (38, 19, 6) (8, 21, 2) (39, 22, 8) (10, 23, 3) (5, 32, 10)
Queue3 : (43, 20, 1) (19, 21, 6) (51, 23, 8) (9, 30, 2) (54, 31, 5)
Queue4 : (64, 21, 4) (70, 24, 9) (67, 27, 6) (16, 29, 3) (53, 30, 4)

Time: 33
Waiting clients: (33, 35, 2)(76, 35, 9)(88, 35, 9)(69, 37, 6)(74, 37, 5)(52, 39, 9)(24, 40, 10)(14, 41, 8)(71, 41, 8)(93, 42, 8)(4, 45, 4)(32, 45, 3)(97, 45, 9)(3, 46, 2)(98, 47, 10)(22, 49, 3)(35, 49, 4)(73, 49, 6)(90, 49, 2)(23, 50, 9)(13, 51, 2)(18, 51, 3)(50, 52, 3)(29, 53, 9)(85, 54, 3)(45, 55, 10)(63, 55, 3)(92, 55, 4)(27, 56, 3)(82, 56, 2)(25, 59, 10)(58, 59, 5)(100, 60, 2)(65, 61, 8)(1, 62, 7)(7, 62, 7)(37, 62, 4)(46, 62, 2)(42, 64, 6)(49, 65, 5)(87, 65, 7)(84, 66, 8)(15, 67, 6)(89, 69, 7)(60, 70, 4)(66, 70, 3)(79, 70, 2)(80, 70, 9)(2, 76, 8)(44, 76, 3)(55, 76, 8)(17, 78, 4)(61, 78, 3)(30, 79, 2)(94, 79, 10)(21, 80, 5)(26, 80, 5)
Queue1 : (31, 18, 8) (75, 21, 6) (81, 26, 3) (59, 29, 9) (96, 31, 6) (41, 32, 3)
Queue2 : (38, 19, 5) (8, 21, 2) (39, 22, 8) (10, 23, 3) (5, 32, 10) (83, 33, 4)
Queue3 : (19, 21, 6) (51, 23, 8) (9, 30, 2) (54, 31, 5) (20, 33, 5)
Queue4 : (64, 21, 3) (70, 24, 9) (67, 27, 6) (16, 29, 3) (53, 30, 4)

Time: 34
Waiting clients: (33, 35, 2)(76, 35, 9)(88, 35, 9)(69, 37, 6)(74, 37, 5)(52, 39, 9)(24, 40, 10)(14, 41, 8)(71, 41, 8)(93, 42, 8)(4, 45, 4)(32, 45, 3)(97, 45, 9)(3, 46, 2)(98, 47, 10)(22, 49, 3)(35, 49, 4)(73, 49, 6)(90, 49, 2)(23, 50, 9)(13, 51, 2)(18, 51, 3)(50, 52, 3)(29, 53, 9)(85, 54, 3)(45, 55, 10)(63, 55, 3)(92, 55, 4)(27, 56, 3)(82, 56, 2)(25, 59, 10)(58, 59, 5)(100, 60, 2)(65, 61, 8)(1, 62, 7)(7, 62, 7)(37, 62, 4)(46, 62, 2)(42, 64, 6)(49, 65, 5)(87, 65, 7)(84, 66, 8)(15, 67, 6)(89, 69, 7)(60, 70, 4)(66, 70, 3)(79, 70, 2)(80, 70, 9)(2, 76, 8)(44, 76, 3)(55, 76, 8)(17, 78, 4)(61, 78, 3)(30, 79, 2)(94, 79, 10)(21, 80, 5)(26, 80, 5)
Queue1 : (31, 18, 7) (75, 21, 6) (81, 26, 3) (59, 29, 9) (96, 31, 6) (41, 32, 3)
Queue2 : (38, 19, 4) (8, 21, 2) (39, 22, 8) (10, 23, 3) (5, 32, 10) (83, 33, 4)
Queue3 : (19, 21, 5) (51, 23, 8) (9, 30, 2) (54, 31, 5) (20, 33, 5)
Queue4 : (64, 21, 2) (70, 24, 9) (67, 27, 6) (16, 29, 3) (53, 30, 4)

Time: 35
Waiting clients: (69, 37, 6)(74, 37, 5)(52, 39, 9)(24, 40, 10)(14, 41, 8)(71, 41, 8)(93, 42, 8)(4, 45, 4)(32, 45, 3)(97, 45, 9)(3, 46, 2)(98, 47, 10)(22, 49, 3)(35, 49, 4)(73, 49, 6)(90, 49, 2)(23, 50, 9)(13, 51, 2)(18, 51, 3)(50, 52, 3)(29, 53, 9)(85, 54, 3)(45, 55, 10)(63, 55, 3)(92, 55, 4)(27, 56, 3)(82, 56, 2)(25, 59, 10)(58, 59, 5)(100, 60, 2)(65, 61, 8)(1, 62, 7)(7, 62, 7)(37, 62, 4)(46, 62, 2)(42, 64, 6)(49, 65, 5)(87, 65, 7)(84, 66, 8)(15, 67, 6)(89, 69, 7)(60, 70, 4)(66, 70, 3)(79, 70, 2)(80, 70, 9)(2, 76, 8)(44, 76, 3)(55, 76, 8)(17, 78, 4)(61, 78, 3)(30, 79, 2)(94, 79, 10)(21, 80, 5)(26, 80, 5)
Queue1 : (31, 18, 6) (75, 21, 6) (81, 26, 3) (59, 29, 9) (96, 31, 6) (41, 32, 3) (88, 35, 9)
Queue2 : (38, 19, 3) (8, 21, 2) (39, 22, 8) (10, 23, 3) (5, 32, 10) (83, 33, 4)
Queue3 : (19, 21, 4) (51, 23, 8) (9, 30, 2) (54, 31, 5) (20, 33, 5) (33, 35, 2)
Queue4 : (64, 21, 1) (70, 24, 9) (67, 27, 6) (16, 29, 3) (53, 30, 4) (76, 35, 9)

Time: 36
Waiting clients: (69, 37, 6)(74, 37, 5)(52, 39, 9)(24, 40, 10)(14, 41, 8)(71, 41, 8)(93, 42, 8)(4, 45, 4)(32, 45, 3)(97, 45, 9)(3, 46, 2)(98, 47, 10)(22, 49, 3)(35, 49, 4)(73, 49, 6)(90, 49, 2)(23, 50, 9)(13, 51, 2)(18, 51, 3)(50, 52, 3)(29, 53, 9)(85, 54, 3)(45, 55, 10)(63, 55, 3)(92, 55, 4)(27, 56, 3)(82, 56, 2)(25, 59, 10)(58, 59, 5)(100, 60, 2)(65, 61, 8)(1, 62, 7)(7, 62, 7)(37, 62, 4)(46, 62, 2)(42, 64, 6)(49, 65, 5)(87, 65, 7)(84, 66, 8)(15, 67, 6)(89, 69, 7)(60, 70, 4)(66, 70, 3)(79, 70, 2)(80, 70, 9)(2, 76, 8)(44, 76, 3)(55, 76, 8)(17, 78, 4)(61, 78, 3)(30, 79, 2)(94, 79, 10)(21, 80, 5)(26, 80, 5)
Queue1 : (31, 18, 5) (75, 21, 6) (81, 26, 3) (59, 29, 9) (96, 31, 6) (41, 32, 3) (88, 35, 9)
Queue2 : (38, 19, 2) (8, 21, 2) (39, 22, 8) (10, 23, 3) (5, 32, 10) (83, 33, 4)
Queue3 : (19, 21, 3) (51, 23, 8) (9, 30, 2) (54, 31, 5) (20, 33, 5) (33, 35, 2)
Queue4 : (70, 24, 9) (67, 27, 6) (16, 29, 3) (53, 30, 4) (76, 35, 9)

Time: 37
Waiting clients: (52, 39, 9)(24, 40, 10)(14, 41, 8)(71, 41, 8)(93, 42, 8)(4, 45, 4)(32, 45, 3)(97, 45, 9)(3, 46, 2)(98, 47, 10)(22, 49, 3)(35, 49, 4)(73, 49, 6)(90, 49, 2)(23, 50, 9)(13, 51, 2)(18, 51, 3)(50, 52, 3)(29, 53, 9)(85, 54, 3)(45, 55, 10)(63, 55, 3)(92, 55, 4)(27, 56, 3)(82, 56, 2)(25, 59, 10)(58, 59, 5)(100, 60, 2)(65, 61, 8)(1, 62, 7)(7, 62, 7)(37, 62, 4)(46, 62, 2)(42, 64, 6)(49, 65, 5)(87, 65, 7)(84, 66, 8)(15, 67, 6)(89, 69, 7)(60, 70, 4)(66, 70, 3)(79, 70, 2)(80, 70, 9)(2, 76, 8)(44, 76, 3)(55, 76, 8)(17, 78, 4)(61, 78, 3)(30, 79, 2)(94, 79, 10)(21, 80, 5)(26, 80, 5)
Queue1 : (31, 18, 4) (75, 21, 6) (81, 26, 3) (59, 29, 9) (96, 31, 6) (41, 32, 3) (88, 35, 9)
Queue2 : (38, 19, 1) (8, 21, 2) (39, 22, 8) (10, 23, 3) (5, 32, 10) (83, 33, 4) (74, 37, 5)
Queue3 : (19, 21, 2) (51, 23, 8) (9, 30, 2) (54, 31, 5) (20, 33, 5) (33, 35, 2)
Queue4 : (70, 24, 8) (67, 27, 6) (16, 29, 3) (53, 30, 4) (76, 35, 9) (69, 37, 6)

Time: 38
Waiting clients: (52, 39, 9)(24, 40, 10)(14, 41, 8)(71, 41, 8)(93, 42, 8)(4, 45, 4)(32, 45, 3)(97, 45, 9)(3, 46, 2)(98, 47, 10)(22, 49, 3)(35, 49, 4)(73, 49, 6)(90, 49, 2)(23, 50, 9)(13, 51, 2)(18, 51, 3)(50, 52, 3)(29, 53, 9)(85, 54, 3)(45, 55, 10)(63, 55, 3)(92, 55, 4)(27, 56, 3)(82, 56, 2)(25, 59, 10)(58, 59, 5)(100, 60, 2)(65, 61, 8)(1, 62, 7)(7, 62, 7)(37, 62, 4)(46, 62, 2)(42, 64, 6)(49, 65, 5)(87, 65, 7)(84, 66, 8)(15, 67, 6)(89, 69, 7)(60, 70, 4)(66, 70, 3)(79, 70, 2)(80, 70, 9)(2, 76, 8)(44, 76, 3)(55, 76, 8)(17, 78, 4)(61, 78, 3)(30, 79, 2)(94, 79, 10)(21, 80, 5)(26, 80, 5)
Queue1 : (31, 18, 3) (75, 21, 6) (81, 26, 3) (59, 29, 9) (96, 31, 6) (41, 32, 3) (88, 35, 9)
Queue2 : (8, 21, 2) (39, 22, 8) (10, 23, 3) (5, 32, 10) (83, 33, 4) (74, 37, 5)
Queue3 : (19, 21, 1) (51, 23, 8) (9, 30, 2) (54, 31, 5) (20, 33, 5) (33, 35, 2)
Queue4 : (70, 24, 7) (67, 27, 6) (16, 29, 3) (53, 30, 4) (76, 35, 9) (69, 37, 6)

Time: 39
Waiting clients: (24, 40, 10)(14, 41, 8)(71, 41, 8)(93, 42, 8)(4, 45, 4)(32, 45, 3)(97, 45, 9)(3, 46, 2)(98, 47, 10)(22, 49, 3)(35, 49, 4)(73, 49, 6)(90, 49, 2)(23, 50, 9)(13, 51, 2)(18, 51, 3)(50, 52, 3)(29, 53, 9)(85, 54, 3)(45, 55, 10)(63, 55, 3)(92, 55, 4)(27, 56, 3)(82, 56, 2)(25, 59, 10)(58, 59, 5)(100, 60, 2)(65, 61, 8)(1, 62, 7)(7, 62, 7)(37, 62, 4)(46, 62, 2)(42, 64, 6)(49, 65, 5)(87, 65, 7)(84, 66, 8)(15, 67, 6)(89, 69, 7)(60, 70, 4)(66, 70, 3)(79, 70, 2)(80, 70, 9)(2, 76, 8)(44, 76, 3)(55, 76, 8)(17, 78, 4)(61, 78, 3)(30, 79, 2)(94, 79, 10)(21, 80, 5)(26, 80, 5)
Queue1 : (31, 18, 2) (75, 21, 6) (81, 26, 3) (59, 29, 9) (96, 31, 6) (41, 32, 3) (88, 35, 9)
Queue2 : (8, 21, 1) (39, 22, 8) (10, 23, 3) (5, 32, 10) (83, 33, 4) (74, 37, 5)
Queue3 : (51, 23, 8) (9, 30, 2) (54, 31, 5) (20, 33, 5) (33, 35, 2) (52, 39, 9)
Queue4 : (70, 24, 6) (67, 27, 6) (16, 29, 3) (53, 30, 4) (76, 35, 9) (69, 37, 6)

Time: 40
Waiting clients: (14, 41, 8)(71, 41, 8)(93, 42, 8)(4, 45, 4)(32, 45, 3)(97, 45, 9)(3, 46, 2)(98, 47, 10)(22, 49, 3)(35, 49, 4)(73, 49, 6)(90, 49, 2)(23, 50, 9)(13, 51, 2)(18, 51, 3)(50, 52, 3)(29, 53, 9)(85, 54, 3)(45, 55, 10)(63, 55, 3)(92, 55, 4)(27, 56, 3)(82, 56, 2)(25, 59, 10)(58, 59, 5)(100, 60, 2)(65, 61, 8)(1, 62, 7)(7, 62, 7)(37, 62, 4)(46, 62, 2)(42, 64, 6)(49, 65, 5)(87, 65, 7)(84, 66, 8)(15, 67, 6)(89, 69, 7)(60, 70, 4)(66, 70, 3)(79, 70, 2)(80, 70, 9)(2, 76, 8)(44, 76, 3)(55, 76, 8)(17, 78, 4)(61, 78, 3)(30, 79, 2)(94, 79, 10)(21, 80, 5)(26, 80, 5)
Queue1 : (31, 18, 1) (75, 21, 6) (81, 26, 3) (59, 29, 9) (96, 31, 6) (41, 32, 3) (88, 35, 9)
Queue2 : (39, 22, 8) (10, 23, 3) (5, 32, 10) (83, 33, 4) (74, 37, 5) (24, 40, 10)
Queue3 : (51, 23, 7) (9, 30, 2) (54, 31, 5) (20, 33, 5) (33, 35, 2) (52, 39, 9)
Queue4 : (70, 24, 5) (67, 27, 6) (16, 29, 3) (53, 30, 4) (76, 35, 9) (69, 37, 6)

Time: 41
Waiting clients: (93, 42, 8)(4, 45, 4)(32, 45, 3)(97, 45, 9)(3, 46, 2)(98, 47, 10)(22, 49, 3)(35, 49, 4)(73, 49, 6)(90, 49, 2)(23, 50, 9)(13, 51, 2)(18, 51, 3)(50, 52, 3)(29, 53, 9)(85, 54, 3)(45, 55, 10)(63, 55, 3)(92, 55, 4)(27, 56, 3)(82, 56, 2)(25, 59, 10)(58, 59, 5)(100, 60, 2)(65, 61, 8)(1, 62, 7)(7, 62, 7)(37, 62, 4)(46, 62, 2)(42, 64, 6)(49, 65, 5)(87, 65, 7)(84, 66, 8)(15, 67, 6)(89, 69, 7)(60, 70, 4)(66, 70, 3)(79, 70, 2)(80, 70, 9)(2, 76, 8)(44, 76, 3)(55, 76, 8)(17, 78, 4)(61, 78, 3)(30, 79, 2)(94, 79, 10)(21, 80, 5)(26, 80, 5)
Queue1 : (75, 21, 6) (81, 26, 3) (59, 29, 9) (96, 31, 6) (41, 32, 3) (88, 35, 9) (14, 41, 8)
Queue2 : (39, 22, 7) (10, 23, 3) (5, 32, 10) (83, 33, 4) (74, 37, 5) (24, 40, 10) (71, 41, 8)
Queue3 : (51, 23, 6) (9, 30, 2) (54, 31, 5) (20, 33, 5) (33, 35, 2) (52, 39, 9)
Queue4 : (70, 24, 4) (67, 27, 6) (16, 29, 3) (53, 30, 4) (76, 35, 9) (69, 37, 6)

Time: 42
Waiting clients: (4, 45, 4)(32, 45, 3)(97, 45, 9)(3, 46, 2)(98, 47, 10)(22, 49, 3)(35, 49, 4)(73, 49, 6)(90, 49, 2)(23, 50, 9)(13, 51, 2)(18, 51, 3)(50, 52, 3)(29, 53, 9)(85, 54, 3)(45, 55, 10)(63, 55, 3)(92, 55, 4)(27, 56, 3)(82, 56, 2)(25, 59, 10)(58, 59, 5)(100, 60, 2)(65, 61, 8)(1, 62, 7)(7, 62, 7)(37, 62, 4)(46, 62, 2)(42, 64, 6)(49, 65, 5)(87, 65, 7)(84, 66, 8)(15, 67, 6)(89, 69, 7)(60, 70, 4)(66, 70, 3)(79, 70, 2)(80, 70, 9)(2, 76, 8)(44, 76, 3)(55, 76, 8)(17, 78, 4)(61, 78, 3)(30, 79, 2)(94, 79, 10)(21, 80, 5)(26, 80, 5)
Queue1 : (75, 21, 5) (81, 26, 3) (59, 29, 9) (96, 31, 6) (41, 32, 3) (88, 35, 9) (14, 41, 8)
Queue2 : (39, 22, 6) (10, 23, 3) (5, 32, 10) (83, 33, 4) (74, 37, 5) (24, 40, 10) (71, 41, 8)
Queue3 : (51, 23, 5) (9, 30, 2) (54, 31, 5) (20, 33, 5) (33, 35, 2) (52, 39, 9) (93, 42, 8)
Queue4 : (70, 24, 3) (67, 27, 6) (16, 29, 3) (53, 30, 4) (76, 35, 9) (69, 37, 6)

Time: 43
Waiting clients: (4, 45, 4)(32, 45, 3)(97, 45, 9)(3, 46, 2)(98, 47, 10)(22, 49, 3)(35, 49, 4)(73, 49, 6)(90, 49, 2)(23, 50, 9)(13, 51, 2)(18, 51, 3)(50, 52, 3)(29, 53, 9)(85, 54, 3)(45, 55, 10)(63, 55, 3)(92, 55, 4)(27, 56, 3)(82, 56, 2)(25, 59, 10)(58, 59, 5)(100, 60, 2)(65, 61, 8)(1, 62, 7)(7, 62, 7)(37, 62, 4)(46, 62, 2)(42, 64, 6)(49, 65, 5)(87, 65, 7)(84, 66, 8)(15, 67, 6)(89, 69, 7)(60, 70, 4)(66, 70, 3)(79, 70, 2)(80, 70, 9)(2, 76, 8)(44, 76, 3)(55, 76, 8)(17, 78, 4)(61, 78, 3)(30, 79, 2)(94, 79, 10)(21, 80, 5)(26, 80, 5)
Queue1 : (75, 21, 4) (81, 26, 3) (59, 29, 9) (96, 31, 6) (41, 32, 3) (88, 35, 9) (14, 41, 8)
Queue2 : (39, 22, 5) (10, 23, 3) (5, 32, 10) (83, 33, 4) (74, 37, 5) (24, 40, 10) (71, 41, 8)
Queue3 : (51, 23, 4) (9, 30, 2) (54, 31, 5) (20, 33, 5) (33, 35, 2) (52, 39, 9) (93, 42, 8)
Queue4 : (70, 24, 2) (67, 27, 6) (16, 29, 3) (53, 30, 4) (76, 35, 9) (69, 37, 6)

Time: 44
Waiting clients: (4, 45, 4)(32, 45, 3)(97, 45, 9)(3, 46, 2)(98, 47, 10)(22, 49, 3)(35, 49, 4)(73, 49, 6)(90, 49, 2)(23, 50, 9)(13, 51, 2)(18, 51, 3)(50, 52, 3)(29, 53, 9)(85, 54, 3)(45, 55, 10)(63, 55, 3)(92, 55, 4)(27, 56, 3)(82, 56, 2)(25, 59, 10)(58, 59, 5)(100, 60, 2)(65, 61, 8)(1, 62, 7)(7, 62, 7)(37, 62, 4)(46, 62, 2)(42, 64, 6)(49, 65, 5)(87, 65, 7)(84, 66, 8)(15, 67, 6)(89, 69, 7)(60, 70, 4)(66, 70, 3)(79, 70, 2)(80, 70, 9)(2, 76, 8)(44, 76, 3)(55, 76, 8)(17, 78, 4)(61, 78, 3)(30, 79, 2)(94, 79, 10)(21, 80, 5)(26, 80, 5)
Queue1 : (75, 21, 3) (81, 26, 3) (59, 29, 9) (96, 31, 6) (41, 32, 3) (88, 35, 9) (14, 41, 8)
Queue2 : (39, 22, 4) (10, 23, 3) (5, 32, 10) (83, 33, 4) (74, 37, 5) (24, 40, 10) (71, 41, 8)
Queue3 : (51, 23, 3) (9, 30, 2) (54, 31, 5) (20, 33, 5) (33, 35, 2) (52, 39, 9) (93, 42, 8)
Queue4 : (70, 24, 1) (67, 27, 6) (16, 29, 3) (53, 30, 4) (76, 35, 9) (69, 37, 6)

Time: 45
Waiting clients: (3, 46, 2)(98, 47, 10)(22, 49, 3)(35, 49, 4)(73, 49, 6)(90, 49, 2)(23, 50, 9)(13, 51, 2)(18, 51, 3)(50, 52, 3)(29, 53, 9)(85, 54, 3)(45, 55, 10)(63, 55, 3)(92, 55, 4)(27, 56, 3)(82, 56, 2)(25, 59, 10)(58, 59, 5)(100, 60, 2)(65, 61, 8)(1, 62, 7)(7, 62, 7)(37, 62, 4)(46, 62, 2)(42, 64, 6)(49, 65, 5)(87, 65, 7)(84, 66, 8)(15, 67, 6)(89, 69, 7)(60, 70, 4)(66, 70, 3)(79, 70, 2)(80, 70, 9)(2, 76, 8)(44, 76, 3)(55, 76, 8)(17, 78, 4)(61, 78, 3)(30, 79, 2)(94, 79, 10)(21, 80, 5)(26, 80, 5)
Queue1 : (75, 21, 2) (81, 26, 3) (59, 29, 9) (96, 31, 6) (41, 32, 3) (88, 35, 9) (14, 41, 8) (97, 45, 9)
Queue2 : (39, 22, 3) (10, 23, 3) (5, 32, 10) (83, 33, 4) (74, 37, 5) (24, 40, 10) (71, 41, 8)
Queue3 : (51, 23, 2) (9, 30, 2) (54, 31, 5) (20, 33, 5) (33, 35, 2) (52, 39, 9) (93, 42, 8)
Queue4 : (67, 27, 6) (16, 29, 3) (53, 30, 4) (76, 35, 9) (69, 37, 6) (4, 45, 4) (32, 45, 3)

Time: 46
Waiting clients: (98, 47, 10)(22, 49, 3)(35, 49, 4)(73, 49, 6)(90, 49, 2)(23, 50, 9)(13, 51, 2)(18, 51, 3)(50, 52, 3)(29, 53, 9)(85, 54, 3)(45, 55, 10)(63, 55, 3)(92, 55, 4)(27, 56, 3)(82, 56, 2)(25, 59, 10)(58, 59, 5)(100, 60, 2)(65, 61, 8)(1, 62, 7)(7, 62, 7)(37, 62, 4)(46, 62, 2)(42, 64, 6)(49, 65, 5)(87, 65, 7)(84, 66, 8)(15, 67, 6)(89, 69, 7)(60, 70, 4)(66, 70, 3)(79, 70, 2)(80, 70, 9)(2, 76, 8)(44, 76, 3)(55, 76, 8)(17, 78, 4)(61, 78, 3)(30, 79, 2)(94, 79, 10)(21, 80, 5)(26, 80, 5)
Queue1 : (75, 21, 1) (81, 26, 3) (59, 29, 9) (96, 31, 6) (41, 32, 3) (88, 35, 9) (14, 41, 8) (97, 45, 9)
Queue2 : (39, 22, 2) (10, 23, 3) (5, 32, 10) (83, 33, 4) (74, 37, 5) (24, 40, 10) (71, 41, 8) (3, 46, 2)
Queue3 : (51, 23, 1) (9, 30, 2) (54, 31, 5) (20, 33, 5) (33, 35, 2) (52, 39, 9) (93, 42, 8)
Queue4 : (67, 27, 5) (16, 29, 3) (53, 30, 4) (76, 35, 9) (69, 37, 6) (4, 45, 4) (32, 45, 3)

Time: 47
Waiting clients: (22, 49, 3)(35, 49, 4)(73, 49, 6)(90, 49, 2)(23, 50, 9)(13, 51, 2)(18, 51, 3)(50, 52, 3)(29, 53, 9)(85, 54, 3)(45, 55, 10)(63, 55, 3)(92, 55, 4)(27, 56, 3)(82, 56, 2)(25, 59, 10)(58, 59, 5)(100, 60, 2)(65, 61, 8)(1, 62, 7)(7, 62, 7)(37, 62, 4)(46, 62, 2)(42, 64, 6)(49, 65, 5)(87, 65, 7)(84, 66, 8)(15, 67, 6)(89, 69, 7)(60, 70, 4)(66, 70, 3)(79, 70, 2)(80, 70, 9)(2, 76, 8)(44, 76, 3)(55, 76, 8)(17, 78, 4)(61, 78, 3)(30, 79, 2)(94, 79, 10)(21, 80, 5)(26, 80, 5)
Queue1 : (81, 26, 3) (59, 29, 9) (96, 31, 6) (41, 32, 3) (88, 35, 9) (14, 41, 8) (97, 45, 9)
Queue2 : (39, 22, 1) (10, 23, 3) (5, 32, 10) (83, 33, 4) (74, 37, 5) (24, 40, 10) (71, 41, 8) (3, 46, 2)
Queue3 : (9, 30, 2) (54, 31, 5) (20, 33, 5) (33, 35, 2) (52, 39, 9) (93, 42, 8) (98, 47, 10)
Queue4 : (67, 27, 4) (16, 29, 3) (53, 30, 4) (76, 35, 9) (69, 37, 6) (4, 45, 4) (32, 45, 3)

Time: 48
Waiting clients: (22, 49, 3)(35, 49, 4)(73, 49, 6)(90, 49, 2)(23, 50, 9)(13, 51, 2)(18, 51, 3)(50, 52, 3)(29, 53, 9)(85, 54, 3)(45, 55, 10)(63, 55, 3)(92, 55, 4)(27, 56, 3)(82, 56, 2)(25, 59, 10)(58, 59, 5)(100, 60, 2)(65, 61, 8)(1, 62, 7)(7, 62, 7)(37, 62, 4)(46, 62, 2)(42, 64, 6)(49, 65, 5)(87, 65, 7)(84, 66, 8)(15, 67, 6)(89, 69, 7)(60, 70, 4)(66, 70, 3)(79, 70, 2)(80, 70, 9)(2, 76, 8)(44, 76, 3)(55, 76, 8)(17, 78, 4)(61, 78, 3)(30, 79, 2)(94, 79, 10)(21, 80, 5)(26, 80, 5)
Queue1 : (81, 26, 2) (59, 29, 9) (96, 31, 6) (41, 32, 3) (88, 35, 9) (14, 41, 8) (97, 45, 9)
Queue2 : (10, 23, 3) (5, 32, 10) (83, 33, 4) (74, 37, 5) (24, 40, 10) (71, 41, 8) (3, 46, 2)
Queue3 : (9, 30, 1) (54, 31, 5) (20, 33, 5) (33, 35, 2) (52, 39, 9) (93, 42, 8) (98, 47, 10)
Queue4 : (67, 27, 3) (16, 29, 3) (53, 30, 4) (76, 35, 9) (69, 37, 6) (4, 45, 4) (32, 45, 3)

Time: 49
Waiting clients: (23, 50, 9)(13, 51, 2)(18, 51, 3)(50, 52, 3)(29, 53, 9)(85, 54, 3)(45, 55, 10)(63, 55, 3)(92, 55, 4)(27, 56, 3)(82, 56, 2)(25, 59, 10)(58, 59, 5)(100, 60, 2)(65, 61, 8)(1, 62, 7)(7, 62, 7)(37, 62, 4)(46, 62, 2)(42, 64, 6)(49, 65, 5)(87, 65, 7)(84, 66, 8)(15, 67, 6)(89, 69, 7)(60, 70, 4)(66, 70, 3)(79, 70, 2)(80, 70, 9)(2, 76, 8)(44, 76, 3)(55, 76, 8)(17, 78, 4)(61, 78, 3)(30, 79, 2)(94, 79, 10)(21, 80, 5)(26, 80, 5)
Queue1 : (81, 26, 1) (59, 29, 9) (96, 31, 6) (41, 32, 3) (88, 35, 9) (14, 41, 8) (97, 45, 9) (35, 49, 4)
Queue2 : (10, 23, 2) (5, 32, 10) (83, 33, 4) (74, 37, 5) (24, 40, 10) (71, 41, 8) (3, 46, 2) (73, 49, 6)
Queue3 : (54, 31, 5) (20, 33, 5) (33, 35, 2) (52, 39, 9) (93, 42, 8) (98, 47, 10) (22, 49, 3) (90, 49, 2)
Queue4 : (67, 27, 2) (16, 29, 3) (53, 30, 4) (76, 35, 9) (69, 37, 6) (4, 45, 4) (32, 45, 3)

Time: 50
Waiting clients: (13, 51, 2)(18, 51, 3)(50, 52, 3)(29, 53, 9)(85, 54, 3)(45, 55, 10)(63, 55, 3)(92, 55, 4)(27, 56, 3)(82, 56, 2)(25, 59, 10)(58, 59, 5)(100, 60, 2)(65, 61, 8)(1, 62, 7)(7, 62, 7)(37, 62, 4)(46, 62, 2)(42, 64, 6)(49, 65, 5)(87, 65, 7)(84, 66, 8)(15, 67, 6)(89, 69, 7)(60, 70, 4)(66, 70, 3)(79, 70, 2)(80, 70, 9)(2, 76, 8)(44, 76, 3)(55, 76, 8)(17, 78, 4)(61, 78, 3)(30, 79, 2)(94, 79, 10)(21, 80, 5)(26, 80, 5)
Queue1 : (59, 29, 9) (96, 31, 6) (41, 32, 3) (88, 35, 9) (14, 41, 8) (97, 45, 9) (35, 49, 4) (23, 50, 9)
Queue2 : (10, 23, 1) (5, 32, 10) (83, 33, 4) (74, 37, 5) (24, 40, 10) (71, 41, 8) (3, 46, 2) (73, 49, 6)
Queue3 : (54, 31, 4) (20, 33, 5) (33, 35, 2) (52, 39, 9) (93, 42, 8) (98, 47, 10) (22, 49, 3) (90, 49, 2)
Queue4 : (67, 27, 1) (16, 29, 3) (53, 30, 4) (76, 35, 9) (69, 37, 6) (4, 45, 4) (32, 45, 3)

Time: 51
Waiting clients: (50, 52, 3)(29, 53, 9)(85, 54, 3)(45, 55, 10)(63, 55, 3)(92, 55, 4)(27, 56, 3)(82, 56, 2)(25, 59, 10)(58, 59, 5)(100, 60, 2)(65, 61, 8)(1, 62, 7)(7, 62, 7)(37, 62, 4)(46, 62, 2)(42, 64, 6)(49, 65, 5)(87, 65, 7)(84, 66, 8)(15, 67, 6)(89, 69, 7)(60, 70, 4)(66, 70, 3)(79, 70, 2)(80, 70, 9)(2, 76, 8)(44, 76, 3)(55, 76, 8)(17, 78, 4)(61, 78, 3)(30, 79, 2)(94, 79, 10)(21, 80, 5)(26, 80, 5)
Queue1 : (59, 29, 8) (96, 31, 6) (41, 32, 3) (88, 35, 9) (14, 41, 8) (97, 45, 9) (35, 49, 4) (23, 50, 9)
Queue2 : (5, 32, 10) (83, 33, 4) (74, 37, 5) (24, 40, 10) (71, 41, 8) (3, 46, 2) (73, 49, 6) (18, 51, 3)
Queue3 : (54, 31, 3) (20, 33, 5) (33, 35, 2) (52, 39, 9) (93, 42, 8) (98, 47, 10) (22, 49, 3) (90, 49, 2)
Queue4 : (16, 29, 3) (53, 30, 4) (76, 35, 9) (69, 37, 6) (4, 45, 4) (32, 45, 3) (13, 51, 2)

Time: 52
Waiting clients: (29, 53, 9)(85, 54, 3)(45, 55, 10)(63, 55, 3)(92, 55, 4)(27, 56, 3)(82, 56, 2)(25, 59, 10)(58, 59, 5)(100, 60, 2)(65, 61, 8)(1, 62, 7)(7, 62, 7)(37, 62, 4)(46, 62, 2)(42, 64, 6)(49, 65, 5)(87, 65, 7)(84, 66, 8)(15, 67, 6)(89, 69, 7)(60, 70, 4)(66, 70, 3)(79, 70, 2)(80, 70, 9)(2, 76, 8)(44, 76, 3)(55, 76, 8)(17, 78, 4)(61, 78, 3)(30, 79, 2)(94, 79, 10)(21, 80, 5)(26, 80, 5)
Queue1 : (59, 29, 7) (96, 31, 6) (41, 32, 3) (88, 35, 9) (14, 41, 8) (97, 45, 9) (35, 49, 4) (23, 50, 9)
Queue2 : (5, 32, 9) (83, 33, 4) (74, 37, 5) (24, 40, 10) (71, 41, 8) (3, 46, 2) (73, 49, 6) (18, 51, 3)
Queue3 : (54, 31, 2) (20, 33, 5) (33, 35, 2) (52, 39, 9) (93, 42, 8) (98, 47, 10) (22, 49, 3) (90, 49, 2)
Queue4 : (16, 29, 2) (53, 30, 4) (76, 35, 9) (69, 37, 6) (4, 45, 4) (32, 45, 3) (13, 51, 2) (50, 52, 3)

Time: 53
Waiting clients: (85, 54, 3)(45, 55, 10)(63, 55, 3)(92, 55, 4)(27, 56, 3)(82, 56, 2)(25, 59, 10)(58, 59, 5)(100, 60, 2)(65, 61, 8)(1, 62, 7)(7, 62, 7)(37, 62, 4)(46, 62, 2)(42, 64, 6)(49, 65, 5)(87, 65, 7)(84, 66, 8)(15, 67, 6)(89, 69, 7)(60, 70, 4)(66, 70, 3)(79, 70, 2)(80, 70, 9)(2, 76, 8)(44, 76, 3)(55, 76, 8)(17, 78, 4)(61, 78, 3)(30, 79, 2)(94, 79, 10)(21, 80, 5)(26, 80, 5)
Queue1 : (59, 29, 6) (96, 31, 6) (41, 32, 3) (88, 35, 9) (14, 41, 8) (97, 45, 9) (35, 49, 4) (23, 50, 9) (29, 53, 9)
Queue2 : (5, 32, 8) (83, 33, 4) (74, 37, 5) (24, 40, 10) (71, 41, 8) (3, 46, 2) (73, 49, 6) (18, 51, 3)
Queue3 : (54, 31, 1) (20, 33, 5) (33, 35, 2) (52, 39, 9) (93, 42, 8) (98, 47, 10) (22, 49, 3) (90, 49, 2)
Queue4 : (16, 29, 1) (53, 30, 4) (76, 35, 9) (69, 37, 6) (4, 45, 4) (32, 45, 3) (13, 51, 2) (50, 52, 3)

Time: 54
Waiting clients: (45, 55, 10)(63, 55, 3)(92, 55, 4)(27, 56, 3)(82, 56, 2)(25, 59, 10)(58, 59, 5)(100, 60, 2)(65, 61, 8)(1, 62, 7)(7, 62, 7)(37, 62, 4)(46, 62, 2)(42, 64, 6)(49, 65, 5)(87, 65, 7)(84, 66, 8)(15, 67, 6)(89, 69, 7)(60, 70, 4)(66, 70, 3)(79, 70, 2)(80, 70, 9)(2, 76, 8)(44, 76, 3)(55, 76, 8)(17, 78, 4)(61, 78, 3)(30, 79, 2)(94, 79, 10)(21, 80, 5)(26, 80, 5)
Queue1 : (59, 29, 5) (96, 31, 6) (41, 32, 3) (88, 35, 9) (14, 41, 8) (97, 45, 9) (35, 49, 4) (23, 50, 9) (29, 53, 9)
Queue2 : (5, 32, 7) (83, 33, 4) (74, 37, 5) (24, 40, 10) (71, 41, 8) (3, 46, 2) (73, 49, 6) (18, 51, 3)
Queue3 : (20, 33, 5) (33, 35, 2) (52, 39, 9) (93, 42, 8) (98, 47, 10) (22, 49, 3) (90, 49, 2) (85, 54, 3)
Queue4 : (53, 30, 4) (76, 35, 9) (69, 37, 6) (4, 45, 4) (32, 45, 3) (13, 51, 2) (50, 52, 3)

Time: 55
Waiting clients: (27, 56, 3)(82, 56, 2)(25, 59, 10)(58, 59, 5)(100, 60, 2)(65, 61, 8)(1, 62, 7)(7, 62, 7)(37, 62, 4)(46, 62, 2)(42, 64, 6)(49, 65, 5)(87, 65, 7)(84, 66, 8)(15, 67, 6)(89, 69, 7)(60, 70, 4)(66, 70, 3)(79, 70, 2)(80, 70, 9)(2, 76, 8)(44, 76, 3)(55, 76, 8)(17, 78, 4)(61, 78, 3)(30, 79, 2)(94, 79, 10)(21, 80, 5)(26, 80, 5)
Queue1 : (59, 29, 4) (96, 31, 6) (41, 32, 3) (88, 35, 9) (14, 41, 8) (97, 45, 9) (35, 49, 4) (23, 50, 9) (29, 53, 9)
Queue2 : (5, 32, 6) (83, 33, 4) (74, 37, 5) (24, 40, 10) (71, 41, 8) (3, 46, 2) (73, 49, 6) (18, 51, 3) (63, 55, 3)
Queue3 : (20, 33, 4) (33, 35, 2) (52, 39, 9) (93, 42, 8) (98, 47, 10) (22, 49, 3) (90, 49, 2) (85, 54, 3) (92, 55, 4)
Queue4 : (53, 30, 3) (76, 35, 9) (69, 37, 6) (4, 45, 4) (32, 45, 3) (13, 51, 2) (50, 52, 3) (45, 55, 10)

Time: 56
Waiting clients: (25, 59, 10)(58, 59, 5)(100, 60, 2)(65, 61, 8)(1, 62, 7)(7, 62, 7)(37, 62, 4)(46, 62, 2)(42, 64, 6)(49, 65, 5)(87, 65, 7)(84, 66, 8)(15, 67, 6)(89, 69, 7)(60, 70, 4)(66, 70, 3)(79, 70, 2)(80, 70, 9)(2, 76, 8)(44, 76, 3)(55, 76, 8)(17, 78, 4)(61, 78, 3)(30, 79, 2)(94, 79, 10)(21, 80, 5)(26, 80, 5)
Queue1 : (59, 29, 3) (96, 31, 6) (41, 32, 3) (88, 35, 9) (14, 41, 8) (97, 45, 9) (35, 49, 4) (23, 50, 9) (29, 53, 9) (82, 56, 2)
Queue2 : (5, 32, 5) (83, 33, 4) (74, 37, 5) (24, 40, 10) (71, 41, 8) (3, 46, 2) (73, 49, 6) (18, 51, 3) (63, 55, 3)
Queue3 : (20, 33, 3) (33, 35, 2) (52, 39, 9) (93, 42, 8) (98, 47, 10) (22, 49, 3) (90, 49, 2) (85, 54, 3) (92, 55, 4)
Queue4 : (53, 30, 2) (76, 35, 9) (69, 37, 6) (4, 45, 4) (32, 45, 3) (13, 51, 2) (50, 52, 3) (45, 55, 10) (27, 56, 3)

Time: 57
Waiting clients: (25, 59, 10)(58, 59, 5)(100, 60, 2)(65, 61, 8)(1, 62, 7)(7, 62, 7)(37, 62, 4)(46, 62, 2)(42, 64, 6)(49, 65, 5)(87, 65, 7)(84, 66, 8)(15, 67, 6)(89, 69, 7)(60, 70, 4)(66, 70, 3)(79, 70, 2)(80, 70, 9)(2, 76, 8)(44, 76, 3)(55, 76, 8)(17, 78, 4)(61, 78, 3)(30, 79, 2)(94, 79, 10)(21, 80, 5)(26, 80, 5)
Queue1 : (59, 29, 2) (96, 31, 6) (41, 32, 3) (88, 35, 9) (14, 41, 8) (97, 45, 9) (35, 49, 4) (23, 50, 9) (29, 53, 9) (82, 56, 2)
Queue2 : (5, 32, 4) (83, 33, 4) (74, 37, 5) (24, 40, 10) (71, 41, 8) (3, 46, 2) (73, 49, 6) (18, 51, 3) (63, 55, 3)
Queue3 : (20, 33, 2) (33, 35, 2) (52, 39, 9) (93, 42, 8) (98, 47, 10) (22, 49, 3) (90, 49, 2) (85, 54, 3) (92, 55, 4)
Queue4 : (53, 30, 1) (76, 35, 9) (69, 37, 6) (4, 45, 4) (32, 45, 3) (13, 51, 2) (50, 52, 3) (45, 55, 10) (27, 56, 3)

Time: 58
Waiting clients: (25, 59, 10)(58, 59, 5)(100, 60, 2)(65, 61, 8)(1, 62, 7)(7, 62, 7)(37, 62, 4)(46, 62, 2)(42, 64, 6)(49, 65, 5)(87, 65, 7)(84, 66, 8)(15, 67, 6)(89, 69, 7)(60, 70, 4)(66, 70, 3)(79, 70, 2)(80, 70, 9)(2, 76, 8)(44, 76, 3)(55, 76, 8)(17, 78, 4)(61, 78, 3)(30, 79, 2)(94, 79, 10)(21, 80, 5)(26, 80, 5)
Queue1 : (59, 29, 1) (96, 31, 6) (41, 32, 3) (88, 35, 9) (14, 41, 8) (97, 45, 9) (35, 49, 4) (23, 50, 9) (29, 53, 9) (82, 56, 2)
Queue2 : (5, 32, 3) (83, 33, 4) (74, 37, 5) (24, 40, 10) (71, 41, 8) (3, 46, 2) (73, 49, 6) (18, 51, 3) (63, 55, 3)
Queue3 : (20, 33, 1) (33, 35, 2) (52, 39, 9) (93, 42, 8) (98, 47, 10) (22, 49, 3) (90, 49, 2) (85, 54, 3) (92, 55, 4)
Queue4 : (76, 35, 9) (69, 37, 6) (4, 45, 4) (32, 45, 3) (13, 51, 2) (50, 52, 3) (45, 55, 10) (27, 56, 3)

Time: 59
Waiting clients: (100, 60, 2)(65, 61, 8)(1, 62, 7)(7, 62, 7)(37, 62, 4)(46, 62, 2)(42, 64, 6)(49, 65, 5)(87, 65, 7)(84, 66, 8)(15, 67, 6)(89, 69, 7)(60, 70, 4)(66, 70, 3)(79, 70, 2)(80, 70, 9)(2, 76, 8)(44, 76, 3)(55, 76, 8)(17, 78, 4)(61, 78, 3)(30, 79, 2)(94, 79, 10)(21, 80, 5)(26, 80, 5)
Queue1 : (96, 31, 6) (41, 32, 3) (88, 35, 9) (14, 41, 8) (97, 45, 9) (35, 49, 4) (23, 50, 9) (29, 53, 9) (82, 56, 2)
Queue2 : (5, 32, 2) (83, 33, 4) (74, 37, 5) (24, 40, 10) (71, 41, 8) (3, 46, 2) (73, 49, 6) (18, 51, 3) (63, 55, 3)
Queue3 : (33, 35, 2) (52, 39, 9) (93, 42, 8) (98, 47, 10) (22, 49, 3) (90, 49, 2) (85, 54, 3) (92, 55, 4) (25, 59, 10)
Queue4 : (76, 35, 8) (69, 37, 6) (4, 45, 4) (32, 45, 3) (13, 51, 2) (50, 52, 3) (45, 55, 10) (27, 56, 3) (58, 59, 5)

Time: 60
Waiting clients: (65, 61, 8)(1, 62, 7)(7, 62, 7)(37, 62, 4)(46, 62, 2)(42, 64, 6)(49, 65, 5)(87, 65, 7)(84, 66, 8)(15, 67, 6)(89, 69, 7)(60, 70, 4)(66, 70, 3)(79, 70, 2)(80, 70, 9)(2, 76, 8)(44, 76, 3)(55, 76, 8)(17, 78, 4)(61, 78, 3)(30, 79, 2)(94, 79, 10)(21, 80, 5)(26, 80, 5)
Queue1 : (96, 31, 5) (41, 32, 3) (88, 35, 9) (14, 41, 8) (97, 45, 9) (35, 49, 4) (23, 50, 9) (29, 53, 9) (82, 56, 2) (100, 60, 2)
Queue2 : (5, 32, 1) (83, 33, 4) (74, 37, 5) (24, 40, 10) (71, 41, 8) (3, 46, 2) (73, 49, 6) (18, 51, 3) (63, 55, 3)
Queue3 : (33, 35, 1) (52, 39, 9) (93, 42, 8) (98, 47, 10) (22, 49, 3) (90, 49, 2) (85, 54, 3) (92, 55, 4) (25, 59, 10)
Queue4 : (76, 35, 7) (69, 37, 6) (4, 45, 4) (32, 45, 3) (13, 51, 2) (50, 52, 3) (45, 55, 10) (27, 56, 3) (58, 59, 5)

Time: 61
Waiting clients: (1, 62, 7)(7, 62, 7)(37, 62, 4)(46, 62, 2)(42, 64, 6)(49, 65, 5)(87, 65, 7)(84, 66, 8)(15, 67, 6)(89, 69, 7)(60, 70, 4)(66, 70, 3)(79, 70, 2)(80, 70, 9)(2, 76, 8)(44, 76, 3)(55, 76, 8)(17, 78, 4)(61, 78, 3)(30, 79, 2)(94, 79, 10)(21, 80, 5)(26, 80, 5)
Queue1 : (96, 31, 4) (41, 32, 3) (88, 35, 9) (14, 41, 8) (97, 45, 9) (35, 49, 4) (23, 50, 9) (29, 53, 9) (82, 56, 2) (100, 60, 2)
Queue2 : (83, 33, 4) (74, 37, 5) (24, 40, 10) (71, 41, 8) (3, 46, 2) (73, 49, 6) (18, 51, 3) (63, 55, 3) (65, 61, 8)
Queue3 : (52, 39, 9) (93, 42, 8) (98, 47, 10) (22, 49, 3) (90, 49, 2) (85, 54, 3) (92, 55, 4) (25, 59, 10)
Queue4 : (76, 35, 6) (69, 37, 6) (4, 45, 4) (32, 45, 3) (13, 51, 2) (50, 52, 3) (45, 55, 10) (27, 56, 3) (58, 59, 5)

Time: 62
Waiting clients: (42, 64, 6)(49, 65, 5)(87, 65, 7)(84, 66, 8)(15, 67, 6)(89, 69, 7)(60, 70, 4)(66, 70, 3)(79, 70, 2)(80, 70, 9)(2, 76, 8)(44, 76, 3)(55, 76, 8)(17, 78, 4)(61, 78, 3)(30, 79, 2)(94, 79, 10)(21, 80, 5)(26, 80, 5)
Queue1 : (96, 31, 3) (41, 32, 3) (88, 35, 9) (14, 41, 8) (97, 45, 9) (35, 49, 4) (23, 50, 9) (29, 53, 9) (82, 56, 2) (100, 60, 2)
Queue2 : (83, 33, 3) (74, 37, 5) (24, 40, 10) (71, 41, 8) (3, 46, 2) (73, 49, 6) (18, 51, 3) (63, 55, 3) (65, 61, 8) (7, 62, 7)
Queue3 : (52, 39, 8) (93, 42, 8) (98, 47, 10) (22, 49, 3) (90, 49, 2) (85, 54, 3) (92, 55, 4) (25, 59, 10) (1, 62, 7) (37, 62, 4)
Queue4 : (76, 35, 5) (69, 37, 6) (4, 45, 4) (32, 45, 3) (13, 51, 2) (50, 52, 3) (45, 55, 10) (27, 56, 3) (58, 59, 5) (46, 62, 2)

Time: 63
Waiting clients: (42, 64, 6)(49, 65, 5)(87, 65, 7)(84, 66, 8)(15, 67, 6)(89, 69, 7)(60, 70, 4)(66, 70, 3)(79, 70, 2)(80, 70, 9)(2, 76, 8)(44, 76, 3)(55, 76, 8)(17, 78, 4)(61, 78, 3)(30, 79, 2)(94, 79, 10)(21, 80, 5)(26, 80, 5)
Queue1 : (96, 31, 2) (41, 32, 3) (88, 35, 9) (14, 41, 8) (97, 45, 9) (35, 49, 4) (23, 50, 9) (29, 53, 9) (82, 56, 2) (100, 60, 2)
Queue2 : (83, 33, 2) (74, 37, 5) (24, 40, 10) (71, 41, 8) (3, 46, 2) (73, 49, 6) (18, 51, 3) (63, 55, 3) (65, 61, 8) (7, 62, 7)
Queue3 : (52, 39, 7) (93, 42, 8) (98, 47, 10) (22, 49, 3) (90, 49, 2) (85, 54, 3) (92, 55, 4) (25, 59, 10) (1, 62, 7) (37, 62, 4)
Queue4 : (76, 35, 4) (69, 37, 6) (4, 45, 4) (32, 45, 3) (13, 51, 2) (50, 52, 3) (45, 55, 10) (27, 56, 3) (58, 59, 5) (46, 62, 2)

Time: 64
Waiting clients: (49, 65, 5)(87, 65, 7)(84, 66, 8)(15, 67, 6)(89, 69, 7)(60, 70, 4)(66, 70, 3)(79, 70, 2)(80, 70, 9)(2, 76, 8)(44, 76, 3)(55, 76, 8)(17, 78, 4)(61, 78, 3)(30, 79, 2)(94, 79, 10)(21, 80, 5)(26, 80, 5)
Queue1 : (96, 31, 1) (41, 32, 3) (88, 35, 9) (14, 41, 8) (97, 45, 9) (35, 49, 4) (23, 50, 9) (29, 53, 9) (82, 56, 2) (100, 60, 2) (42, 64, 6)
Queue2 : (83, 33, 1) (74, 37, 5) (24, 40, 10) (71, 41, 8) (3, 46, 2) (73, 49, 6) (18, 51, 3) (63, 55, 3) (65, 61, 8) (7, 62, 7)
Queue3 : (52, 39, 6) (93, 42, 8) (98, 47, 10) (22, 49, 3) (90, 49, 2) (85, 54, 3) (92, 55, 4) (25, 59, 10) (1, 62, 7) (37, 62, 4)
Queue4 : (76, 35, 3) (69, 37, 6) (4, 45, 4) (32, 45, 3) (13, 51, 2) (50, 52, 3) (45, 55, 10) (27, 56, 3) (58, 59, 5) (46, 62, 2)

Time: 65
Waiting clients: (84, 66, 8)(15, 67, 6)(89, 69, 7)(60, 70, 4)(66, 70, 3)(79, 70, 2)(80, 70, 9)(2, 76, 8)(44, 76, 3)(55, 76, 8)(17, 78, 4)(61, 78, 3)(30, 79, 2)(94, 79, 10)(21, 80, 5)(26, 80, 5)
Queue1 : (41, 32, 3) (88, 35, 9) (14, 41, 8) (97, 45, 9) (35, 49, 4) (23, 50, 9) (29, 53, 9) (82, 56, 2) (100, 60, 2) (42, 64, 6) (87, 65, 7)
Queue2 : (74, 37, 5) (24, 40, 10) (71, 41, 8) (3, 46, 2) (73, 49, 6) (18, 51, 3) (63, 55, 3) (65, 61, 8) (7, 62, 7) (49, 65, 5)
Queue3 : (52, 39, 5) (93, 42, 8) (98, 47, 10) (22, 49, 3) (90, 49, 2) (85, 54, 3) (92, 55, 4) (25, 59, 10) (1, 62, 7) (37, 62, 4)
Queue4 : (76, 35, 2) (69, 37, 6) (4, 45, 4) (32, 45, 3) (13, 51, 2) (50, 52, 3) (45, 55, 10) (27, 56, 3) (58, 59, 5) (46, 62, 2)

Time: 66
Waiting clients: (15, 67, 6)(89, 69, 7)(60, 70, 4)(66, 70, 3)(79, 70, 2)(80, 70, 9)(2, 76, 8)(44, 76, 3)(55, 76, 8)(17, 78, 4)(61, 78, 3)(30, 79, 2)(94, 79, 10)(21, 80, 5)(26, 80, 5)
Queue1 : (41, 32, 2) (88, 35, 9) (14, 41, 8) (97, 45, 9) (35, 49, 4) (23, 50, 9) (29, 53, 9) (82, 56, 2) (100, 60, 2) (42, 64, 6) (87, 65, 7)
Queue2 : (74, 37, 4) (24, 40, 10) (71, 41, 8) (3, 46, 2) (73, 49, 6) (18, 51, 3) (63, 55, 3) (65, 61, 8) (7, 62, 7) (49, 65, 5) (84, 66, 8)
Queue3 : (52, 39, 4) (93, 42, 8) (98, 47, 10) (22, 49, 3) (90, 49, 2) (85, 54, 3) (92, 55, 4) (25, 59, 10) (1, 62, 7) (37, 62, 4)
Queue4 : (76, 35, 1) (69, 37, 6) (4, 45, 4) (32, 45, 3) (13, 51, 2) (50, 52, 3) (45, 55, 10) (27, 56, 3) (58, 59, 5) (46, 62, 2)

Time: 67
Waiting clients: (89, 69, 7)(60, 70, 4)(66, 70, 3)(79, 70, 2)(80, 70, 9)(2, 76, 8)(44, 76, 3)(55, 76, 8)(17, 78, 4)(61, 78, 3)(30, 79, 2)(94, 79, 10)(21, 80, 5)(26, 80, 5)
Queue1 : (41, 32, 1) (88, 35, 9) (14, 41, 8) (97, 45, 9) (35, 49, 4) (23, 50, 9) (29, 53, 9) (82, 56, 2) (100, 60, 2) (42, 64, 6) (87, 65, 7)
Queue2 : (74, 37, 3) (24, 40, 10) (71, 41, 8) (3, 46, 2) (73, 49, 6) (18, 51, 3) (63, 55, 3) (65, 61, 8) (7, 62, 7) (49, 65, 5) (84, 66, 8)
Queue3 : (52, 39, 3) (93, 42, 8) (98, 47, 10) (22, 49, 3) (90, 49, 2) (85, 54, 3) (92, 55, 4) (25, 59, 10) (1, 62, 7) (37, 62, 4)
Queue4 : (69, 37, 6) (4, 45, 4) (32, 45, 3) (13, 51, 2) (50, 52, 3) (45, 55, 10) (27, 56, 3) (58, 59, 5) (46, 62, 2) (15, 67, 6)

Time: 68
Waiting clients: (89, 69, 7)(60, 70, 4)(66, 70, 3)(79, 70, 2)(80, 70, 9)(2, 76, 8)(44, 76, 3)(55, 76, 8)(17, 78, 4)(61, 78, 3)(30, 79, 2)(94, 79, 10)(21, 80, 5)(26, 80, 5)
Queue1 : (88, 35, 9) (14, 41, 8) (97, 45, 9) (35, 49, 4) (23, 50, 9) (29, 53, 9) (82, 56, 2) (100, 60, 2) (42, 64, 6) (87, 65, 7)
Queue2 : (74, 37, 2) (24, 40, 10) (71, 41, 8) (3, 46, 2) (73, 49, 6) (18, 51, 3) (63, 55, 3) (65, 61, 8) (7, 62, 7) (49, 65, 5) (84, 66, 8)
Queue3 : (52, 39, 2) (93, 42, 8) (98, 47, 10) (22, 49, 3) (90, 49, 2) (85, 54, 3) (92, 55, 4) (25, 59, 10) (1, 62, 7) (37, 62, 4)
Queue4 : (69, 37, 5) (4, 45, 4) (32, 45, 3) (13, 51, 2) (50, 52, 3) (45, 55, 10) (27, 56, 3) (58, 59, 5) (46, 62, 2) (15, 67, 6)

Time: 69
Waiting clients: (60, 70, 4)(66, 70, 3)(79, 70, 2)(80, 70, 9)(2, 76, 8)(44, 76, 3)(55, 76, 8)(17, 78, 4)(61, 78, 3)(30, 79, 2)(94, 79, 10)(21, 80, 5)(26, 80, 5)
Queue1 : (88, 35, 8) (14, 41, 8) (97, 45, 9) (35, 49, 4) (23, 50, 9) (29, 53, 9) (82, 56, 2) (100, 60, 2) (42, 64, 6) (87, 65, 7) (89, 69, 7)
Queue2 : (74, 37, 1) (24, 40, 10) (71, 41, 8) (3, 46, 2) (73, 49, 6) (18, 51, 3) (63, 55, 3) (65, 61, 8) (7, 62, 7) (49, 65, 5) (84, 66, 8)
Queue3 : (52, 39, 1) (93, 42, 8) (98, 47, 10) (22, 49, 3) (90, 49, 2) (85, 54, 3) (92, 55, 4) (25, 59, 10) (1, 62, 7) (37, 62, 4)
Queue4 : (69, 37, 4) (4, 45, 4) (32, 45, 3) (13, 51, 2) (50, 52, 3) (45, 55, 10) (27, 56, 3) (58, 59, 5) (46, 62, 2) (15, 67, 6)

Time: 70
Waiting clients: (2, 76, 8)(44, 76, 3)(55, 76, 8)(17, 78, 4)(61, 78, 3)(30, 79, 2)(94, 79, 10)(21, 80, 5)(26, 80, 5)
Queue1 : (88, 35, 7) (14, 41, 8) (97, 45, 9) (35, 49, 4) (23, 50, 9) (29, 53, 9) (82, 56, 2) (100, 60, 2) (42, 64, 6) (87, 65, 7) (89, 69, 7)
Queue2 : (24, 40, 10) (71, 41, 8) (3, 46, 2) (73, 49, 6) (18, 51, 3) (63, 55, 3) (65, 61, 8) (7, 62, 7) (49, 65, 5) (84, 66, 8) (66, 70, 3)
Queue3 : (93, 42, 8) (98, 47, 10) (22, 49, 3) (90, 49, 2) (85, 54, 3) (92, 55, 4) (25, 59, 10) (1, 62, 7) (37, 62, 4) (60, 70, 4) (79, 70, 2)
Queue4 : (69, 37, 3) (4, 45, 4) (32, 45, 3) (13, 51, 2) (50, 52, 3) (45, 55, 10) (27, 56, 3) (58, 59, 5) (46, 62, 2) (15, 67, 6) (80, 70, 9)

Time: 71
Waiting clients: (2, 76, 8)(44, 76, 3)(55, 76, 8)(17, 78, 4)(61, 78, 3)(30, 79, 2)(94, 79, 10)(21, 80, 5)(26, 80, 5)
Queue1 : (88, 35, 6) (14, 41, 8) (97, 45, 9) (35, 49, 4) (23, 50, 9) (29, 53, 9) (82, 56, 2) (100, 60, 2) (42, 64, 6) (87, 65, 7) (89, 69, 7)
Queue2 : (24, 40, 9) (71, 41, 8) (3, 46, 2) (73, 49, 6) (18, 51, 3) (63, 55, 3) (65, 61, 8) (7, 62, 7) (49, 65, 5) (84, 66, 8) (66, 70, 3)
Queue3 : (93, 42, 7) (98, 47, 10) (22, 49, 3) (90, 49, 2) (85, 54, 3) (92, 55, 4) (25, 59, 10) (1, 62, 7) (37, 62, 4) (60, 70, 4) (79, 70, 2)
Queue4 : (69, 37, 2) (4, 45, 4) (32, 45, 3) (13, 51, 2) (50, 52, 3) (45, 55, 10) (27, 56, 3) (58, 59, 5) (46, 62, 2) (15, 67, 6) (80, 70, 9)

Time: 72
Waiting clients: (2, 76, 8)(44, 76, 3)(55, 76, 8)(17, 78, 4)(61, 78, 3)(30, 79, 2)(94, 79, 10)(21, 80, 5)(26, 80, 5)
Queue1 : (88, 35, 5) (14, 41, 8) (97, 45, 9) (35, 49, 4) (23, 50, 9) (29, 53, 9) (82, 56, 2) (100, 60, 2) (42, 64, 6) (87, 65, 7) (89, 69, 7)
Queue2 : (24, 40, 8) (71, 41, 8) (3, 46, 2) (73, 49, 6) (18, 51, 3) (63, 55, 3) (65, 61, 8) (7, 62, 7) (49, 65, 5) (84, 66, 8) (66, 70, 3)
Queue3 : (93, 42, 6) (98, 47, 10) (22, 49, 3) (90, 49, 2) (85, 54, 3) (92, 55, 4) (25, 59, 10) (1, 62, 7) (37, 62, 4) (60, 70, 4) (79, 70, 2)
Queue4 : (69, 37, 1) (4, 45, 4) (32, 45, 3) (13, 51, 2) (50, 52, 3) (45, 55, 10) (27, 56, 3) (58, 59, 5) (46, 62, 2) (15, 67, 6) (80, 70, 9)

Time: 73
Waiting clients: (2, 76, 8)(44, 76, 3)(55, 76, 8)(17, 78, 4)(61, 78, 3)(30, 79, 2)(94, 79, 10)(21, 80, 5)(26, 80, 5)
Queue1 : (88, 35, 4) (14, 41, 8) (97, 45, 9) (35, 49, 4) (23, 50, 9) (29, 53, 9) (82, 56, 2) (100, 60, 2) (42, 64, 6) (87, 65, 7) (89, 69, 7)
Queue2 : (24, 40, 7) (71, 41, 8) (3, 46, 2) (73, 49, 6) (18, 51, 3) (63, 55, 3) (65, 61, 8) (7, 62, 7) (49, 65, 5) (84, 66, 8) (66, 70, 3)
Queue3 : (93, 42, 5) (98, 47, 10) (22, 49, 3) (90, 49, 2) (85, 54, 3) (92, 55, 4) (25, 59, 10) (1, 62, 7) (37, 62, 4) (60, 70, 4) (79, 70, 2)
Queue4 : (4, 45, 4) (32, 45, 3) (13, 51, 2) (50, 52, 3) (45, 55, 10) (27, 56, 3) (58, 59, 5) (46, 62, 2) (15, 67, 6) (80, 70, 9)

Time: 74
Waiting clients: (2, 76, 8)(44, 76, 3)(55, 76, 8)(17, 78, 4)(61, 78, 3)(30, 79, 2)(94, 79, 10)(21, 80, 5)(26, 80, 5)
Queue1 : (88, 35, 3) (14, 41, 8) (97, 45, 9) (35, 49, 4) (23, 50, 9) (29, 53, 9) (82, 56, 2) (100, 60, 2) (42, 64, 6) (87, 65, 7) (89, 69, 7)
Queue2 : (24, 40, 6) (71, 41, 8) (3, 46, 2) (73, 49, 6) (18, 51, 3) (63, 55, 3) (65, 61, 8) (7, 62, 7) (49, 65, 5) (84, 66, 8) (66, 70, 3)
Queue3 : (93, 42, 4) (98, 47, 10) (22, 49, 3) (90, 49, 2) (85, 54, 3) (92, 55, 4) (25, 59, 10) (1, 62, 7) (37, 62, 4) (60, 70, 4) (79, 70, 2)
Queue4 : (4, 45, 3) (32, 45, 3) (13, 51, 2) (50, 52, 3) (45, 55, 10) (27, 56, 3) (58, 59, 5) (46, 62, 2) (15, 67, 6) (80, 70, 9)

Time: 75
Waiting clients: (2, 76, 8)(44, 76, 3)(55, 76, 8)(17, 78, 4)(61, 78, 3)(30, 79, 2)(94, 79, 10)(21, 80, 5)(26, 80, 5)
Queue1 : (88, 35, 2) (14, 41, 8) (97, 45, 9) (35, 49, 4) (23, 50, 9) (29, 53, 9) (82, 56, 2) (100, 60, 2) (42, 64, 6) (87, 65, 7) (89, 69, 7)
Queue2 : (24, 40, 5) (71, 41, 8) (3, 46, 2) (73, 49, 6) (18, 51, 3) (63, 55, 3) (65, 61, 8) (7, 62, 7) (49, 65, 5) (84, 66, 8) (66, 70, 3)
Queue3 : (93, 42, 3) (98, 47, 10) (22, 49, 3) (90, 49, 2) (85, 54, 3) (92, 55, 4) (25, 59, 10) (1, 62, 7) (37, 62, 4) (60, 70, 4) (79, 70, 2)
Queue4 : (4, 45, 2) (32, 45, 3) (13, 51, 2) (50, 52, 3) (45, 55, 10) (27, 56, 3) (58, 59, 5) (46, 62, 2) (15, 67, 6) (80, 70, 9)

Time: 76
Waiting clients: (17, 78, 4)(61, 78, 3)(30, 79, 2)(94, 79, 10)(21, 80, 5)(26, 80, 5)
Queue1 : (88, 35, 1) (14, 41, 8) (97, 45, 9) (35, 49, 4) (23, 50, 9) (29, 53, 9) (82, 56, 2) (100, 60, 2) (42, 64, 6) (87, 65, 7) (89, 69, 7) (44, 76, 3)
Queue2 : (24, 40, 4) (71, 41, 8) (3, 46, 2) (73, 49, 6) (18, 51, 3) (63, 55, 3) (65, 61, 8) (7, 62, 7) (49, 65, 5) (84, 66, 8) (66, 70, 3) (55, 76, 8)
Queue3 : (93, 42, 2) (98, 47, 10) (22, 49, 3) (90, 49, 2) (85, 54, 3) (92, 55, 4) (25, 59, 10) (1, 62, 7) (37, 62, 4) (60, 70, 4) (79, 70, 2)
Queue4 : (4, 45, 1) (32, 45, 3) (13, 51, 2) (50, 52, 3) (45, 55, 10) (27, 56, 3) (58, 59, 5) (46, 62, 2) (15, 67, 6) (80, 70, 9) (2, 76, 8)

Time: 77
Waiting clients: (17, 78, 4)(61, 78, 3)(30, 79, 2)(94, 79, 10)(21, 80, 5)(26, 80, 5)
Queue1 : (14, 41, 8) (97, 45, 9) (35, 49, 4) (23, 50, 9) (29, 53, 9) (82, 56, 2) (100, 60, 2) (42, 64, 6) (87, 65, 7) (89, 69, 7) (44, 76, 3)
Queue2 : (24, 40, 3) (71, 41, 8) (3, 46, 2) (73, 49, 6) (18, 51, 3) (63, 55, 3) (65, 61, 8) (7, 62, 7) (49, 65, 5) (84, 66, 8) (66, 70, 3) (55, 76, 8)
Queue3 : (93, 42, 1) (98, 47, 10) (22, 49, 3) (90, 49, 2) (85, 54, 3) (92, 55, 4) (25, 59, 10) (1, 62, 7) (37, 62, 4) (60, 70, 4) (79, 70, 2)
Queue4 : (32, 45, 3) (13, 51, 2) (50, 52, 3) (45, 55, 10) (27, 56, 3) (58, 59, 5) (46, 62, 2) (15, 67, 6) (80, 70, 9) (2, 76, 8)

Time: 78
Waiting clients: (30, 79, 2)(94, 79, 10)(21, 80, 5)(26, 80, 5)
Queue1 : (14, 41, 7) (97, 45, 9) (35, 49, 4) (23, 50, 9) (29, 53, 9) (82, 56, 2) (100, 60, 2) (42, 64, 6) (87, 65, 7) (89, 69, 7) (44, 76, 3)
Queue2 : (24, 40, 2) (71, 41, 8) (3, 46, 2) (73, 49, 6) (18, 51, 3) (63, 55, 3) (65, 61, 8) (7, 62, 7) (49, 65, 5) (84, 66, 8) (66, 70, 3) (55, 76, 8)
Queue3 : (98, 47, 10) (22, 49, 3) (90, 49, 2) (85, 54, 3) (92, 55, 4) (25, 59, 10) (1, 62, 7) (37, 62, 4) (60, 70, 4) (79, 70, 2) (17, 78, 4)
Queue4 : (32, 45, 2) (13, 51, 2) (50, 52, 3) (45, 55, 10) (27, 56, 3) (58, 59, 5) (46, 62, 2) (15, 67, 6) (80, 70, 9) (2, 76, 8) (61, 78, 3)

Time: 79
Waiting clients: (21, 80, 5)(26, 80, 5)
Queue1 : (14, 41, 6) (97, 45, 9) (35, 49, 4) (23, 50, 9) (29, 53, 9) (82, 56, 2) (100, 60, 2) (42, 64, 6) (87, 65, 7) (89, 69, 7) (44, 76, 3) (30, 79, 2)
Queue2 : (24, 40, 1) (71, 41, 8) (3, 46, 2) (73, 49, 6) (18, 51, 3) (63, 55, 3) (65, 61, 8) (7, 62, 7) (49, 65, 5) (84, 66, 8) (66, 70, 3) (55, 76, 8)
Queue3 : (98, 47, 9) (22, 49, 3) (90, 49, 2) (85, 54, 3) (92, 55, 4) (25, 59, 10) (1, 62, 7) (37, 62, 4) (60, 70, 4) (79, 70, 2) (17, 78, 4) (94, 79, 10)
Queue4 : (32, 45, 1) (13, 51, 2) (50, 52, 3) (45, 55, 10) (27, 56, 3) (58, 59, 5) (46, 62, 2) (15, 67, 6) (80, 70, 9) (2, 76, 8) (61, 78, 3)

Time: 80
Waiting clients: 
Queue1 : (14, 41, 5) (97, 45, 9) (35, 49, 4) (23, 50, 9) (29, 53, 9) (82, 56, 2) (100, 60, 2) (42, 64, 6) (87, 65, 7) (89, 69, 7) (44, 76, 3) (30, 79, 2)
Queue2 : (71, 41, 8) (3, 46, 2) (73, 49, 6) (18, 51, 3) (63, 55, 3) (65, 61, 8) (7, 62, 7) (49, 65, 5) (84, 66, 8) (66, 70, 3) (55, 76, 8) (26, 80, 5)
Queue3 : (98, 47, 8) (22, 49, 3) (90, 49, 2) (85, 54, 3) (92, 55, 4) (25, 59, 10) (1, 62, 7) (37, 62, 4) (60, 70, 4) (79, 70, 2) (17, 78, 4) (94, 79, 10)
Queue4 : (13, 51, 2) (50, 52, 3) (45, 55, 10) (27, 56, 3) (58, 59, 5) (46, 62, 2) (15, 67, 6) (80, 70, 9) (2, 76, 8) (61, 78, 3) (21, 80, 5)

Time: 81
Waiting clients: 
Queue1 : (14, 41, 4) (97, 45, 9) (35, 49, 4) (23, 50, 9) (29, 53, 9) (82, 56, 2) (100, 60, 2) (42, 64, 6) (87, 65, 7) (89, 69, 7) (44, 76, 3) (30, 79, 2)
Queue2 : (71, 41, 7) (3, 46, 2) (73, 49, 6) (18, 51, 3) (63, 55, 3) (65, 61, 8) (7, 62, 7) (49, 65, 5) (84, 66, 8) (66, 70, 3) (55, 76, 8) (26, 80, 5)
Queue3 : (98, 47, 7) (22, 49, 3) (90, 49, 2) (85, 54, 3) (92, 55, 4) (25, 59, 10) (1, 62, 7) (37, 62, 4) (60, 70, 4) (79, 70, 2) (17, 78, 4) (94, 79, 10)
Queue4 : (13, 51, 1) (50, 52, 3) (45, 55, 10) (27, 56, 3) (58, 59, 5) (46, 62, 2) (15, 67, 6) (80, 70, 9) (2, 76, 8) (61, 78, 3) (21, 80, 5)

Time: 82
Waiting clients: 
Queue1 : (14, 41, 3) (97, 45, 9) (35, 49, 4) (23, 50, 9) (29, 53, 9) (82, 56, 2) (100, 60, 2) (42, 64, 6) (87, 65, 7) (89, 69, 7) (44, 76, 3) (30, 79, 2)
Queue2 : (71, 41, 6) (3, 46, 2) (73, 49, 6) (18, 51, 3) (63, 55, 3) (65, 61, 8) (7, 62, 7) (49, 65, 5) (84, 66, 8) (66, 70, 3) (55, 76, 8) (26, 80, 5)
Queue3 : (98, 47, 6) (22, 49, 3) (90, 49, 2) (85, 54, 3) (92, 55, 4) (25, 59, 10) (1, 62, 7) (37, 62, 4) (60, 70, 4) (79, 70, 2) (17, 78, 4) (94, 79, 10)
Queue4 : (50, 52, 3) (45, 55, 10) (27, 56, 3) (58, 59, 5) (46, 62, 2) (15, 67, 6) (80, 70, 9) (2, 76, 8) (61, 78, 3) (21, 80, 5)

Time: 83
Waiting clients: 
Queue1 : (14, 41, 2) (97, 45, 9) (35, 49, 4) (23, 50, 9) (29, 53, 9) (82, 56, 2) (100, 60, 2) (42, 64, 6) (87, 65, 7) (89, 69, 7) (44, 76, 3) (30, 79, 2)
Queue2 : (71, 41, 5) (3, 46, 2) (73, 49, 6) (18, 51, 3) (63, 55, 3) (65, 61, 8) (7, 62, 7) (49, 65, 5) (84, 66, 8) (66, 70, 3) (55, 76, 8) (26, 80, 5)
Queue3 : (98, 47, 5) (22, 49, 3) (90, 49, 2) (85, 54, 3) (92, 55, 4) (25, 59, 10) (1, 62, 7) (37, 62, 4) (60, 70, 4) (79, 70, 2) (17, 78, 4) (94, 79, 10)
Queue4 : (50, 52, 2) (45, 55, 10) (27, 56, 3) (58, 59, 5) (46, 62, 2) (15, 67, 6) (80, 70, 9) (2, 76, 8) (61, 78, 3) (21, 80, 5)

Time: 84
Waiting clients: 
Queue1 : (14, 41, 1) (97, 45, 9) (35, 49, 4) (23, 50, 9) (29, 53, 9) (82, 56, 2) (100, 60, 2) (42, 64, 6) (87, 65, 7) (89, 69, 7) (44, 76, 3) (30, 79, 2)
Queue2 : (71, 41, 4) (3, 46, 2) (73, 49, 6) (18, 51, 3) (63, 55, 3) (65, 61, 8) (7, 62, 7) (49, 65, 5) (84, 66, 8) (66, 70, 3) (55, 76, 8) (26, 80, 5)
Queue3 : (98, 47, 4) (22, 49, 3) (90, 49, 2) (85, 54, 3) (92, 55, 4) (25, 59, 10) (1, 62, 7) (37, 62, 4) (60, 70, 4) (79, 70, 2) (17, 78, 4) (94, 79, 10)
Queue4 : (50, 52, 1) (45, 55, 10) (27, 56, 3) (58, 59, 5) (46, 62, 2) (15, 67, 6) (80, 70, 9) (2, 76, 8) (61, 78, 3) (21, 80, 5)

Time: 85
Waiting clients: 
Queue1 : (97, 45, 9) (35, 49, 4) (23, 50, 9) (29, 53, 9) (82, 56, 2) (100, 60, 2) (42, 64, 6) (87, 65, 7) (89, 69, 7) (44, 76, 3) (30, 79, 2)
Queue2 : (71, 41, 3) (3, 46, 2) (73, 49, 6) (18, 51, 3) (63, 55, 3) (65, 61, 8) (7, 62, 7) (49, 65, 5) (84, 66, 8) (66, 70, 3) (55, 76, 8) (26, 80, 5)
Queue3 : (98, 47, 3) (22, 49, 3) (90, 49, 2) (85, 54, 3) (92, 55, 4) (25, 59, 10) (1, 62, 7) (37, 62, 4) (60, 70, 4) (79, 70, 2) (17, 78, 4) (94, 79, 10)
Queue4 : (45, 55, 10) (27, 56, 3) (58, 59, 5) (46, 62, 2) (15, 67, 6) (80, 70, 9) (2, 76, 8) (61, 78, 3) (21, 80, 5)

Time: 86
Waiting clients: 
Queue1 : (97, 45, 8) (35, 49, 4) (23, 50, 9) (29, 53, 9) (82, 56, 2) (100, 60, 2) (42, 64, 6) (87, 65, 7) (89, 69, 7) (44, 76, 3) (30, 79, 2)
Queue2 : (71, 41, 2) (3, 46, 2) (73, 49, 6) (18, 51, 3) (63, 55, 3) (65, 61, 8) (7, 62, 7) (49, 65, 5) (84, 66, 8) (66, 70, 3) (55, 76, 8) (26, 80, 5)
Queue3 : (98, 47, 2) (22, 49, 3) (90, 49, 2) (85, 54, 3) (92, 55, 4) (25, 59, 10) (1, 62, 7) (37, 62, 4) (60, 70, 4) (79, 70, 2) (17, 78, 4) (94, 79, 10)
Queue4 : (45, 55, 9) (27, 56, 3) (58, 59, 5) (46, 62, 2) (15, 67, 6) (80, 70, 9) (2, 76, 8) (61, 78, 3) (21, 80, 5)

Time: 87
Waiting clients: 
Queue1 : (97, 45, 7) (35, 49, 4) (23, 50, 9) (29, 53, 9) (82, 56, 2) (100, 60, 2) (42, 64, 6) (87, 65, 7) (89, 69, 7) (44, 76, 3) (30, 79, 2)
Queue2 : (71, 41, 1) (3, 46, 2) (73, 49, 6) (18, 51, 3) (63, 55, 3) (65, 61, 8) (7, 62, 7) (49, 65, 5) (84, 66, 8) (66, 70, 3) (55, 76, 8) (26, 80, 5)
Queue3 : (98, 47, 1) (22, 49, 3) (90, 49, 2) (85, 54, 3) (92, 55, 4) (25, 59, 10) (1, 62, 7) (37, 62, 4) (60, 70, 4) (79, 70, 2) (17, 78, 4) (94, 79, 10)
Queue4 : (45, 55, 8) (27, 56, 3) (58, 59, 5) (46, 62, 2) (15, 67, 6) (80, 70, 9) (2, 76, 8) (61, 78, 3) (21, 80, 5)

Time: 88
Waiting clients: 
Queue1 : (97, 45, 6) (35, 49, 4) (23, 50, 9) (29, 53, 9) (82, 56, 2) (100, 60, 2) (42, 64, 6) (87, 65, 7) (89, 69, 7) (44, 76, 3) (30, 79, 2)
Queue2 : (3, 46, 2) (73, 49, 6) (18, 51, 3) (63, 55, 3) (65, 61, 8) (7, 62, 7) (49, 65, 5) (84, 66, 8) (66, 70, 3) (55, 76, 8) (26, 80, 5)
Queue3 : (22, 49, 3) (90, 49, 2) (85, 54, 3) (92, 55, 4) (25, 59, 10) (1, 62, 7) (37, 62, 4) (60, 70, 4) (79, 70, 2) (17, 78, 4) (94, 79, 10)
Queue4 : (45, 55, 7) (27, 56, 3) (58, 59, 5) (46, 62, 2) (15, 67, 6) (80, 70, 9) (2, 76, 8) (61, 78, 3) (21, 80, 5)

Time: 89
Waiting clients: 
Queue1 : (97, 45, 5) (35, 49, 4) (23, 50, 9) (29, 53, 9) (82, 56, 2) (100, 60, 2) (42, 64, 6) (87, 65, 7) (89, 69, 7) (44, 76, 3) (30, 79, 2)
Queue2 : (3, 46, 1) (73, 49, 6) (18, 51, 3) (63, 55, 3) (65, 61, 8) (7, 62, 7) (49, 65, 5) (84, 66, 8) (66, 70, 3) (55, 76, 8) (26, 80, 5)
Queue3 : (22, 49, 2) (90, 49, 2) (85, 54, 3) (92, 55, 4) (25, 59, 10) (1, 62, 7) (37, 62, 4) (60, 70, 4) (79, 70, 2) (17, 78, 4) (94, 79, 10)
Queue4 : (45, 55, 6) (27, 56, 3) (58, 59, 5) (46, 62, 2) (15, 67, 6) (80, 70, 9) (2, 76, 8) (61, 78, 3) (21, 80, 5)

Time: 90
Waiting clients: 
Queue1 : (97, 45, 4) (35, 49, 4) (23, 50, 9) (29, 53, 9) (82, 56, 2) (100, 60, 2) (42, 64, 6) (87, 65, 7) (89, 69, 7) (44, 76, 3) (30, 79, 2)
Queue2 : (73, 49, 6) (18, 51, 3) (63, 55, 3) (65, 61, 8) (7, 62, 7) (49, 65, 5) (84, 66, 8) (66, 70, 3) (55, 76, 8) (26, 80, 5)
Queue3 : (22, 49, 1) (90, 49, 2) (85, 54, 3) (92, 55, 4) (25, 59, 10) (1, 62, 7) (37, 62, 4) (60, 70, 4) (79, 70, 2) (17, 78, 4) (94, 79, 10)
Queue4 : (45, 55, 5) (27, 56, 3) (58, 59, 5) (46, 62, 2) (15, 67, 6) (80, 70, 9) (2, 76, 8) (61, 78, 3) (21, 80, 5)

Time: 91
Waiting clients: 
Queue1 : (97, 45, 3) (35, 49, 4) (23, 50, 9) (29, 53, 9) (82, 56, 2) (100, 60, 2) (42, 64, 6) (87, 65, 7) (89, 69, 7) (44, 76, 3) (30, 79, 2)
Queue2 : (73, 49, 5) (18, 51, 3) (63, 55, 3) (65, 61, 8) (7, 62, 7) (49, 65, 5) (84, 66, 8) (66, 70, 3) (55, 76, 8) (26, 80, 5)
Queue3 : (90, 49, 2) (85, 54, 3) (92, 55, 4) (25, 59, 10) (1, 62, 7) (37, 62, 4) (60, 70, 4) (79, 70, 2) (17, 78, 4) (94, 79, 10)
Queue4 : (45, 55, 4) (27, 56, 3) (58, 59, 5) (46, 62, 2) (15, 67, 6) (80, 70, 9) (2, 76, 8) (61, 78, 3) (21, 80, 5)

Time: 92
Waiting clients: 
Queue1 : (97, 45, 2) (35, 49, 4) (23, 50, 9) (29, 53, 9) (82, 56, 2) (100, 60, 2) (42, 64, 6) (87, 65, 7) (89, 69, 7) (44, 76, 3) (30, 79, 2)
Queue2 : (73, 49, 4) (18, 51, 3) (63, 55, 3) (65, 61, 8) (7, 62, 7) (49, 65, 5) (84, 66, 8) (66, 70, 3) (55, 76, 8) (26, 80, 5)
Queue3 : (90, 49, 1) (85, 54, 3) (92, 55, 4) (25, 59, 10) (1, 62, 7) (37, 62, 4) (60, 70, 4) (79, 70, 2) (17, 78, 4) (94, 79, 10)
Queue4 : (45, 55, 3) (27, 56, 3) (58, 59, 5) (46, 62, 2) (15, 67, 6) (80, 70, 9) (2, 76, 8) (61, 78, 3) (21, 80, 5)

Time: 93
Waiting clients: 
Queue1 : (97, 45, 1) (35, 49, 4) (23, 50, 9) (29, 53, 9) (82, 56, 2) (100, 60, 2) (42, 64, 6) (87, 65, 7) (89, 69, 7) (44, 76, 3) (30, 79, 2)
Queue2 : (73, 49, 3) (18, 51, 3) (63, 55, 3) (65, 61, 8) (7, 62, 7) (49, 65, 5) (84, 66, 8) (66, 70, 3) (55, 76, 8) (26, 80, 5)
Queue3 : (85, 54, 3) (92, 55, 4) (25, 59, 10) (1, 62, 7) (37, 62, 4) (60, 70, 4) (79, 70, 2) (17, 78, 4) (94, 79, 10)
Queue4 : (45, 55, 2) (27, 56, 3) (58, 59, 5) (46, 62, 2) (15, 67, 6) (80, 70, 9) (2, 76, 8) (61, 78, 3) (21, 80, 5)

Time: 94
Waiting clients: 
Queue1 : (35, 49, 4) (23, 50, 9) (29, 53, 9) (82, 56, 2) (100, 60, 2) (42, 64, 6) (87, 65, 7) (89, 69, 7) (44, 76, 3) (30, 79, 2)
Queue2 : (73, 49, 2) (18, 51, 3) (63, 55, 3) (65, 61, 8) (7, 62, 7) (49, 65, 5) (84, 66, 8) (66, 70, 3) (55, 76, 8) (26, 80, 5)
Queue3 : (85, 54, 2) (92, 55, 4) (25, 59, 10) (1, 62, 7) (37, 62, 4) (60, 70, 4) (79, 70, 2) (17, 78, 4) (94, 79, 10)
Queue4 : (45, 55, 1) (27, 56, 3) (58, 59, 5) (46, 62, 2) (15, 67, 6) (80, 70, 9) (2, 76, 8) (61, 78, 3) (21, 80, 5)

Time: 95
Waiting clients: 
Queue1 : (35, 49, 3) (23, 50, 9) (29, 53, 9) (82, 56, 2) (100, 60, 2) (42, 64, 6) (87, 65, 7) (89, 69, 7) (44, 76, 3) (30, 79, 2)
Queue2 : (73, 49, 1) (18, 51, 3) (63, 55, 3) (65, 61, 8) (7, 62, 7) (49, 65, 5) (84, 66, 8) (66, 70, 3) (55, 76, 8) (26, 80, 5)
Queue3 : (85, 54, 1) (92, 55, 4) (25, 59, 10) (1, 62, 7) (37, 62, 4) (60, 70, 4) (79, 70, 2) (17, 78, 4) (94, 79, 10)
Queue4 : (27, 56, 3) (58, 59, 5) (46, 62, 2) (15, 67, 6) (80, 70, 9) (2, 76, 8) (61, 78, 3) (21, 80, 5)

Time: 96
Waiting clients: 
Queue1 : (35, 49, 2) (23, 50, 9) (29, 53, 9) (82, 56, 2) (100, 60, 2) (42, 64, 6) (87, 65, 7) (89, 69, 7) (44, 76, 3) (30, 79, 2)
Queue2 : (18, 51, 3) (63, 55, 3) (65, 61, 8) (7, 62, 7) (49, 65, 5) (84, 66, 8) (66, 70, 3) (55, 76, 8) (26, 80, 5)
Queue3 : (92, 55, 4) (25, 59, 10) (1, 62, 7) (37, 62, 4) (60, 70, 4) (79, 70, 2) (17, 78, 4) (94, 79, 10)
Queue4 : (27, 56, 2) (58, 59, 5) (46, 62, 2) (15, 67, 6) (80, 70, 9) (2, 76, 8) (61, 78, 3) (21, 80, 5)

Time: 97
Waiting clients: 
Queue1 : (35, 49, 1) (23, 50, 9) (29, 53, 9) (82, 56, 2) (100, 60, 2) (42, 64, 6) (87, 65, 7) (89, 69, 7) (44, 76, 3) (30, 79, 2)
Queue2 : (18, 51, 2) (63, 55, 3) (65, 61, 8) (7, 62, 7) (49, 65, 5) (84, 66, 8) (66, 70, 3) (55, 76, 8) (26, 80, 5)
Queue3 : (92, 55, 3) (25, 59, 10) (1, 62, 7) (37, 62, 4) (60, 70, 4) (79, 70, 2) (17, 78, 4) (94, 79, 10)
Queue4 : (27, 56, 1) (58, 59, 5) (46, 62, 2) (15, 67, 6) (80, 70, 9) (2, 76, 8) (61, 78, 3) (21, 80, 5)

Time: 98
Waiting clients: 
Queue1 : (23, 50, 9) (29, 53, 9) (82, 56, 2) (100, 60, 2) (42, 64, 6) (87, 65, 7) (89, 69, 7) (44, 76, 3) (30, 79, 2)
Queue2 : (18, 51, 1) (63, 55, 3) (65, 61, 8) (7, 62, 7) (49, 65, 5) (84, 66, 8) (66, 70, 3) (55, 76, 8) (26, 80, 5)
Queue3 : (92, 55, 2) (25, 59, 10) (1, 62, 7) (37, 62, 4) (60, 70, 4) (79, 70, 2) (17, 78, 4) (94, 79, 10)
Queue4 : (58, 59, 5) (46, 62, 2) (15, 67, 6) (80, 70, 9) (2, 76, 8) (61, 78, 3) (21, 80, 5)

Time: 99
Waiting clients: 
Queue1 : (23, 50, 8) (29, 53, 9) (82, 56, 2) (100, 60, 2) (42, 64, 6) (87, 65, 7) (89, 69, 7) (44, 76, 3) (30, 79, 2)
Queue2 : (63, 55, 3) (65, 61, 8) (7, 62, 7) (49, 65, 5) (84, 66, 8) (66, 70, 3) (55, 76, 8) (26, 80, 5)
Queue3 : (92, 55, 1) (25, 59, 10) (1, 62, 7) (37, 62, 4) (60, 70, 4) (79, 70, 2) (17, 78, 4) (94, 79, 10)
Queue4 : (58, 59, 4) (46, 62, 2) (15, 67, 6) (80, 70, 9) (2, 76, 8) (61, 78, 3) (21, 80, 5)

