E desincronizat simulation manager de threaduri exemplu time 6 and time 7
Time: 0
Waiting clients: (35, 3, 4)(5, 4, 6)(52, 4, 3)(85, 4, 4)(92, 4, 4)(98, 6, 9)(62, 8, 2)(23, 9, 10)(28, 9, 5)(67, 9, 10)(91, 9, 9)(94, 9, 4)(42, 10, 3)(76, 10, 2)(63, 13, 5)(95, 15, 10)(6, 16, 2)(57, 16, 8)(86, 16, 8)(87, 16, 10)(8, 17, 2)(97, 17, 4)(73, 19, 4)(17, 20, 2)(75, 20, 10)(31, 21, 3)(80, 22, 10)(66, 23, 3)(44, 24, 3)(81, 25, 10)(12, 26, 9)(15, 27, 6)(18, 27, 7)(83, 27, 7)(3, 28, 5)(59, 28, 6)(41, 29, 8)(54, 31, 10)(84, 31, 2)(24, 32, 3)(20, 35, 9)(37, 36, 8)(69, 36, 9)(96, 36, 7)(27, 37, 4)(2, 38, 3)(90, 41, 8)(100, 41, 5)(36, 42, 9)(47, 42, 6)(55, 43, 6)(71, 43, 8)(21, 44, 3)(30, 44, 6)(39, 44, 3)(58, 44, 9)(77, 44, 6)(40, 47, 7)(48, 48, 5)(78, 48, 9)(16, 49, 3)(34, 50, 8)(51, 50, 10)(56, 50, 2)(79, 51, 5)(68, 52, 3)(29, 54, 4)(1, 55, 9)(61, 55, 5)(65, 55, 3)(10, 58, 8)(74, 58, 9)(9, 59, 2)(45, 59, 7)(46, 61, 6)(72, 61, 10)(11, 62, 6)(43, 62, 5)(14, 63, 8)(32, 63, 9)(50, 64, 2)(53, 64, 9)(70, 64, 4)(13, 66, 3)(88, 67, 10)(64, 70, 6)(25, 71, 8)(19, 72, 3)(49, 72, 8)(33, 73, 2)(38, 73, 2)(4, 75, 5)(22, 75, 8)(89, 76, 4)(99, 76, 4)(60, 77, 7)(82, 77, 9)(7, 79, 2)(26, 80, 9)(93, 80, 8)
Queue1 :closed
Queue2 :closed
Queue3 :closed
Queue4 :closed


Time: 1
Waiting clients: (35, 3, 4)(5, 4, 6)(52, 4, 3)(85, 4, 4)(92, 4, 4)(98, 6, 9)(62, 8, 2)(23, 9, 10)(28, 9, 5)(67, 9, 10)(91, 9, 9)(94, 9, 4)(42, 10, 3)(76, 10, 2)(63, 13, 5)(95, 15, 10)(6, 16, 2)(57, 16, 8)(86, 16, 8)(87, 16, 10)(8, 17, 2)(97, 17, 4)(73, 19, 4)(17, 20, 2)(75, 20, 10)(31, 21, 3)(80, 22, 10)(66, 23, 3)(44, 24, 3)(81, 25, 10)(12, 26, 9)(15, 27, 6)(18, 27, 7)(83, 27, 7)(3, 28, 5)(59, 28, 6)(41, 29, 8)(54, 31, 10)(84, 31, 2)(24, 32, 3)(20, 35, 9)(37, 36, 8)(69, 36, 9)(96, 36, 7)(27, 37, 4)(2, 38, 3)(90, 41, 8)(100, 41, 5)(36, 42, 9)(47, 42, 6)(55, 43, 6)(71, 43, 8)(21, 44, 3)(30, 44, 6)(39, 44, 3)(58, 44, 9)(77, 44, 6)(40, 47, 7)(48, 48, 5)(78, 48, 9)(16, 49, 3)(34, 50, 8)(51, 50, 10)(56, 50, 2)(79, 51, 5)(68, 52, 3)(29, 54, 4)(1, 55, 9)(61, 55, 5)(65, 55, 3)(10, 58, 8)(74, 58, 9)(9, 59, 2)(45, 59, 7)(46, 61, 6)(72, 61, 10)(11, 62, 6)(43, 62, 5)(14, 63, 8)(32, 63, 9)(50, 64, 2)(53, 64, 9)(70, 64, 4)(13, 66, 3)(88, 67, 10)(64, 70, 6)(25, 71, 8)(19, 72, 3)(49, 72, 8)(33, 73, 2)(38, 73, 2)(4, 75, 5)(22, 75, 8)(89, 76, 4)(99, 76, 4)(60, 77, 7)(82, 77, 9)(7, 79, 2)(26, 80, 9)(93, 80, 8)
Queue1 :closed
Queue2 :closed
Queue3 :closed
Queue4 :closed


Time: 2
Waiting clients: (35, 3, 4)(5, 4, 6)(52, 4, 3)(85, 4, 4)(92, 4, 4)(98, 6, 9)(62, 8, 2)(23, 9, 10)(28, 9, 5)(67, 9, 10)(91, 9, 9)(94, 9, 4)(42, 10, 3)(76, 10, 2)(63, 13, 5)(95, 15, 10)(6, 16, 2)(57, 16, 8)(86, 16, 8)(87, 16, 10)(8, 17, 2)(97, 17, 4)(73, 19, 4)(17, 20, 2)(75, 20, 10)(31, 21, 3)(80, 22, 10)(66, 23, 3)(44, 24, 3)(81, 25, 10)(12, 26, 9)(15, 27, 6)(18, 27, 7)(83, 27, 7)(3, 28, 5)(59, 28, 6)(41, 29, 8)(54, 31, 10)(84, 31, 2)(24, 32, 3)(20, 35, 9)(37, 36, 8)(69, 36, 9)(96, 36, 7)(27, 37, 4)(2, 38, 3)(90, 41, 8)(100, 41, 5)(36, 42, 9)(47, 42, 6)(55, 43, 6)(71, 43, 8)(21, 44, 3)(30, 44, 6)(39, 44, 3)(58, 44, 9)(77, 44, 6)(40, 47, 7)(48, 48, 5)(78, 48, 9)(16, 49, 3)(34, 50, 8)(51, 50, 10)(56, 50, 2)(79, 51, 5)(68, 52, 3)(29, 54, 4)(1, 55, 9)(61, 55, 5)(65, 55, 3)(10, 58, 8)(74, 58, 9)(9, 59, 2)(45, 59, 7)(46, 61, 6)(72, 61, 10)(11, 62, 6)(43, 62, 5)(14, 63, 8)(32, 63, 9)(50, 64, 2)(53, 64, 9)(70, 64, 4)(13, 66, 3)(88, 67, 10)(64, 70, 6)(25, 71, 8)(19, 72, 3)(49, 72, 8)(33, 73, 2)(38, 73, 2)(4, 75, 5)(22, 75, 8)(89, 76, 4)(99, 76, 4)(60, 77, 7)(82, 77, 9)(7, 79, 2)(26, 80, 9)(93, 80, 8)
Queue1 :closed
Queue2 :closed
Queue3 :closed
Queue4 :closed


Time: 3
Waiting clients: (5, 4, 6)(52, 4, 3)(85, 4, 4)(92, 4, 4)(98, 6, 9)(62, 8, 2)(23, 9, 10)(28, 9, 5)(67, 9, 10)(91, 9, 9)(94, 9, 4)(42, 10, 3)(76, 10, 2)(63, 13, 5)(95, 15, 10)(6, 16, 2)(57, 16, 8)(86, 16, 8)(87, 16, 10)(8, 17, 2)(97, 17, 4)(73, 19, 4)(17, 20, 2)(75, 20, 10)(31, 21, 3)(80, 22, 10)(66, 23, 3)(44, 24, 3)(81, 25, 10)(12, 26, 9)(15, 27, 6)(18, 27, 7)(83, 27, 7)(3, 28, 5)(59, 28, 6)(41, 29, 8)(54, 31, 10)(84, 31, 2)(24, 32, 3)(20, 35, 9)(37, 36, 8)(69, 36, 9)(96, 36, 7)(27, 37, 4)(2, 38, 3)(90, 41, 8)(100, 41, 5)(36, 42, 9)(47, 42, 6)(55, 43, 6)(71, 43, 8)(21, 44, 3)(30, 44, 6)(39, 44, 3)(58, 44, 9)(77, 44, 6)(40, 47, 7)(48, 48, 5)(78, 48, 9)(16, 49, 3)(34, 50, 8)(51, 50, 10)(56, 50, 2)(79, 51, 5)(68, 52, 3)(29, 54, 4)(1, 55, 9)(61, 55, 5)(65, 55, 3)(10, 58, 8)(74, 58, 9)(9, 59, 2)(45, 59, 7)(46, 61, 6)(72, 61, 10)(11, 62, 6)(43, 62, 5)(14, 63, 8)(32, 63, 9)(50, 64, 2)(53, 64, 9)(70, 64, 4)(13, 66, 3)(88, 67, 10)(64, 70, 6)(25, 71, 8)(19, 72, 3)(49, 72, 8)(33, 73, 2)(38, 73, 2)(4, 75, 5)(22, 75, 8)(89, 76, 4)(99, 76, 4)(60, 77, 7)(82, 77, 9)(7, 79, 2)(26, 80, 9)(93, 80, 8)
Queue1 : (35, 3, 4)
Queue2 :closed
Queue3 :closed
Queue4 :closed


Time: 4
Waiting clients: (98, 6, 9)(62, 8, 2)(23, 9, 10)(28, 9, 5)(67, 9, 10)(91, 9, 9)(94, 9, 4)(42, 10, 3)(76, 10, 2)(63, 13, 5)(95, 15, 10)(6, 16, 2)(57, 16, 8)(86, 16, 8)(87, 16, 10)(8, 17, 2)(97, 17, 4)(73, 19, 4)(17, 20, 2)(75, 20, 10)(31, 21, 3)(80, 22, 10)(66, 23, 3)(44, 24, 3)(81, 25, 10)(12, 26, 9)(15, 27, 6)(18, 27, 7)(83, 27, 7)(3, 28, 5)(59, 28, 6)(41, 29, 8)(54, 31, 10)(84, 31, 2)(24, 32, 3)(20, 35, 9)(37, 36, 8)(69, 36, 9)(96, 36, 7)(27, 37, 4)(2, 38, 3)(90, 41, 8)(100, 41, 5)(36, 42, 9)(47, 42, 6)(55, 43, 6)(71, 43, 8)(21, 44, 3)(30, 44, 6)(39, 44, 3)(58, 44, 9)(77, 44, 6)(40, 47, 7)(48, 48, 5)(78, 48, 9)(16, 49, 3)(34, 50, 8)(51, 50, 10)(56, 50, 2)(79, 51, 5)(68, 52, 3)(29, 54, 4)(1, 55, 9)(61, 55, 5)(65, 55, 3)(10, 58, 8)(74, 58, 9)(9, 59, 2)(45, 59, 7)(46, 61, 6)(72, 61, 10)(11, 62, 6)(43, 62, 5)(14, 63, 8)(32, 63, 9)(50, 64, 2)(53, 64, 9)(70, 64, 4)(13, 66, 3)(88, 67, 10)(64, 70, 6)(25, 71, 8)(19, 72, 3)(49, 72, 8)(33, 73, 2)(38, 73, 2)(4, 75, 5)(22, 75, 8)(89, 76, 4)(99, 76, 4)(60, 77, 7)(82, 77, 9)(7, 79, 2)(26, 80, 9)(93, 80, 8)
Queue1 : (5, 4, 6)
Queue2 : (52, 4, 3)
Queue3 : (85, 4, 4)
Queue4 : (92, 4, 4)


Time: 5
Waiting clients: (98, 6, 9)(62, 8, 2)(23, 9, 10)(28, 9, 5)(67, 9, 10)(91, 9, 9)(94, 9, 4)(42, 10, 3)(76, 10, 2)(63, 13, 5)(95, 15, 10)(6, 16, 2)(57, 16, 8)(86, 16, 8)(87, 16, 10)(8, 17, 2)(97, 17, 4)(73, 19, 4)(17, 20, 2)(75, 20, 10)(31, 21, 3)(80, 22, 10)(66, 23, 3)(44, 24, 3)(81, 25, 10)(12, 26, 9)(15, 27, 6)(18, 27, 7)(83, 27, 7)(3, 28, 5)(59, 28, 6)(41, 29, 8)(54, 31, 10)(84, 31, 2)(24, 32, 3)(20, 35, 9)(37, 36, 8)(69, 36, 9)(96, 36, 7)(27, 37, 4)(2, 38, 3)(90, 41, 8)(100, 41, 5)(36, 42, 9)(47, 42, 6)(55, 43, 6)(71, 43, 8)(21, 44, 3)(30, 44, 6)(39, 44, 3)(58, 44, 9)(77, 44, 6)(40, 47, 7)(48, 48, 5)(78, 48, 9)(16, 49, 3)(34, 50, 8)(51, 50, 10)(56, 50, 2)(79, 51, 5)(68, 52, 3)(29, 54, 4)(1, 55, 9)(61, 55, 5)(65, 55, 3)(10, 58, 8)(74, 58, 9)(9, 59, 2)(45, 59, 7)(46, 61, 6)(72, 61, 10)(11, 62, 6)(43, 62, 5)(14, 63, 8)(32, 63, 9)(50, 64, 2)(53, 64, 9)(70, 64, 4)(13, 66, 3)(88, 67, 10)(64, 70, 6)(25, 71, 8)(19, 72, 3)(49, 72, 8)(33, 73, 2)(38, 73, 2)(4, 75, 5)(22, 75, 8)(89, 76, 4)(99, 76, 4)(60, 77, 7)(82, 77, 9)(7, 79, 2)(26, 80, 9)(93, 80, 8)
Queue1 : (5, 4, 5)
Queue2 : (52, 4, 2)
Queue3 : (85, 4, 3)
Queue4 : (92, 4, 3)


Time: 6
Waiting clients: (62, 8, 2)(23, 9, 10)(28, 9, 5)(67, 9, 10)(91, 9, 9)(94, 9, 4)(42, 10, 3)(76, 10, 2)(63, 13, 5)(95, 15, 10)(6, 16, 2)(57, 16, 8)(86, 16, 8)(87, 16, 10)(8, 17, 2)(97, 17, 4)(73, 19, 4)(17, 20, 2)(75, 20, 10)(31, 21, 3)(80, 22, 10)(66, 23, 3)(44, 24, 3)(81, 25, 10)(12, 26, 9)(15, 27, 6)(18, 27, 7)(83, 27, 7)(3, 28, 5)(59, 28, 6)(41, 29, 8)(54, 31, 10)(84, 31, 2)(24, 32, 3)(20, 35, 9)(37, 36, 8)(69, 36, 9)(96, 36, 7)(27, 37, 4)(2, 38, 3)(90, 41, 8)(100, 41, 5)(36, 42, 9)(47, 42, 6)(55, 43, 6)(71, 43, 8)(21, 44, 3)(30, 44, 6)(39, 44, 3)(58, 44, 9)(77, 44, 6)(40, 47, 7)(48, 48, 5)(78, 48, 9)(16, 49, 3)(34, 50, 8)(51, 50, 10)(56, 50, 2)(79, 51, 5)(68, 52, 3)(29, 54, 4)(1, 55, 9)(61, 55, 5)(65, 55, 3)(10, 58, 8)(74, 58, 9)(9, 59, 2)(45, 59, 7)(46, 61, 6)(72, 61, 10)(11, 62, 6)(43, 62, 5)(14, 63, 8)(32, 63, 9)(50, 64, 2)(53, 64, 9)(70, 64, 4)(13, 66, 3)(88, 67, 10)(64, 70, 6)(25, 71, 8)(19, 72, 3)(49, 72, 8)(33, 73, 2)(38, 73, 2)(4, 75, 5)(22, 75, 8)(89, 76, 4)(99, 76, 4)(60, 77, 7)(82, 77, 9)(7, 79, 2)(26, 80, 9)(93, 80, 8)
Queue1 : (5, 4, 4) (98, 6, 9)
Queue2 : (52, 4, 1)
Queue3 : (85, 4, 2)
Queue4 : (92, 4, 2)


Time: 7
Waiting clients: (62, 8, 2)(23, 9, 10)(28, 9, 5)(67, 9, 10)(91, 9, 9)(94, 9, 4)(42, 10, 3)(76, 10, 2)(63, 13, 5)(95, 15, 10)(6, 16, 2)(57, 16, 8)(86, 16, 8)(87, 16, 10)(8, 17, 2)(97, 17, 4)(73, 19, 4)(17, 20, 2)(75, 20, 10)(31, 21, 3)(80, 22, 10)(66, 23, 3)(44, 24, 3)(81, 25, 10)(12, 26, 9)(15, 27, 6)(18, 27, 7)(83, 27, 7)(3, 28, 5)(59, 28, 6)(41, 29, 8)(54, 31, 10)(84, 31, 2)(24, 32, 3)(20, 35, 9)(37, 36, 8)(69, 36, 9)(96, 36, 7)(27, 37, 4)(2, 38, 3)(90, 41, 8)(100, 41, 5)(36, 42, 9)(47, 42, 6)(55, 43, 6)(71, 43, 8)(21, 44, 3)(30, 44, 6)(39, 44, 3)(58, 44, 9)(77, 44, 6)(40, 47, 7)(48, 48, 5)(78, 48, 9)(16, 49, 3)(34, 50, 8)(51, 50, 10)(56, 50, 2)(79, 51, 5)(68, 52, 3)(29, 54, 4)(1, 55, 9)(61, 55, 5)(65, 55, 3)(10, 58, 8)(74, 58, 9)(9, 59, 2)(45, 59, 7)(46, 61, 6)(72, 61, 10)(11, 62, 6)(43, 62, 5)(14, 63, 8)(32, 63, 9)(50, 64, 2)(53, 64, 9)(70, 64, 4)(13, 66, 3)(88, 67, 10)(64, 70, 6)(25, 71, 8)(19, 72, 3)(49, 72, 8)(33, 73, 2)(38, 73, 2)(4, 75, 5)(22, 75, 8)(89, 76, 4)(99, 76, 4)(60, 77, 7)(82, 77, 9)(7, 79, 2)(26, 80, 9)(93, 80, 8)
Queue1 : (98, 6, 9)
Queue2 :closed
Queue3 : (85, 4, 1)
Queue4 : (92, 4, 1)


Time: 8
Waiting clients: (23, 9, 10)(28, 9, 5)(67, 9, 10)(91, 9, 9)(94, 9, 4)(42, 10, 3)(76, 10, 2)(63, 13, 5)(95, 15, 10)(6, 16, 2)(57, 16, 8)(86, 16, 8)(87, 16, 10)(8, 17, 2)(97, 17, 4)(73, 19, 4)(17, 20, 2)(75, 20, 10)(31, 21, 3)(80, 22, 10)(66, 23, 3)(44, 24, 3)(81, 25, 10)(12, 26, 9)(15, 27, 6)(18, 27, 7)(83, 27, 7)(3, 28, 5)(59, 28, 6)(41, 29, 8)(54, 31, 10)(84, 31, 2)(24, 32, 3)(20, 35, 9)(37, 36, 8)(69, 36, 9)(96, 36, 7)(27, 37, 4)(2, 38, 3)(90, 41, 8)(100, 41, 5)(36, 42, 9)(47, 42, 6)(55, 43, 6)(71, 43, 8)(21, 44, 3)(30, 44, 6)(39, 44, 3)(58, 44, 9)(77, 44, 6)(40, 47, 7)(48, 48, 5)(78, 48, 9)(16, 49, 3)(34, 50, 8)(51, 50, 10)(56, 50, 2)(79, 51, 5)(68, 52, 3)(29, 54, 4)(1, 55, 9)(61, 55, 5)(65, 55, 3)(10, 58, 8)(74, 58, 9)(9, 59, 2)(45, 59, 7)(46, 61, 6)(72, 61, 10)(11, 62, 6)(43, 62, 5)(14, 63, 8)(32, 63, 9)(50, 64, 2)(53, 64, 9)(70, 64, 4)(13, 66, 3)(88, 67, 10)(64, 70, 6)(25, 71, 8)(19, 72, 3)(49, 72, 8)(33, 73, 2)(38, 73, 2)(4, 75, 5)(22, 75, 8)(89, 76, 4)(99, 76, 4)(60, 77, 7)(82, 77, 9)(7, 79, 2)(26, 80, 9)(93, 80, 8)
Queue1 : (98, 6, 8) (62, 8, 2)
Queue2 :closed
Queue3 :closed
Queue4 :closed


Time: 9
Waiting clients: (42, 10, 3)(76, 10, 2)(63, 13, 5)(95, 15, 10)(6, 16, 2)(57, 16, 8)(86, 16, 8)(87, 16, 10)(8, 17, 2)(97, 17, 4)(73, 19, 4)(17, 20, 2)(75, 20, 10)(31, 21, 3)(80, 22, 10)(66, 23, 3)(44, 24, 3)(81, 25, 10)(12, 26, 9)(15, 27, 6)(18, 27, 7)(83, 27, 7)(3, 28, 5)(59, 28, 6)(41, 29, 8)(54, 31, 10)(84, 31, 2)(24, 32, 3)(20, 35, 9)(37, 36, 8)(69, 36, 9)(96, 36, 7)(27, 37, 4)(2, 38, 3)(90, 41, 8)(100, 41, 5)(36, 42, 9)(47, 42, 6)(55, 43, 6)(71, 43, 8)(21, 44, 3)(30, 44, 6)(39, 44, 3)(58, 44, 9)(77, 44, 6)(40, 47, 7)(48, 48, 5)(78, 48, 9)(16, 49, 3)(34, 50, 8)(51, 50, 10)(56, 50, 2)(79, 51, 5)(68, 52, 3)(29, 54, 4)(1, 55, 9)(61, 55, 5)(65, 55, 3)(10, 58, 8)(74, 58, 9)(9, 59, 2)(45, 59, 7)(46, 61, 6)(72, 61, 10)(11, 62, 6)(43, 62, 5)(14, 63, 8)(32, 63, 9)(50, 64, 2)(53, 64, 9)(70, 64, 4)(13, 66, 3)(88, 67, 10)(64, 70, 6)(25, 71, 8)(19, 72, 3)(49, 72, 8)(33, 73, 2)(38, 73, 2)(4, 75, 5)(22, 75, 8)(89, 76, 4)(99, 76, 4)(60, 77, 7)(82, 77, 9)(7, 79, 2)(26, 80, 9)(93, 80, 8)
Queue1 : (98, 6, 7) (62, 8, 2) (91, 9, 9)
Queue2 : (94, 9, 4)
Queue3 : (28, 9, 5)
Queue4 : (67, 9, 10)


Time: 10
Waiting clients: (63, 13, 5)(95, 15, 10)(6, 16, 2)(57, 16, 8)(86, 16, 8)(87, 16, 10)(8, 17, 2)(97, 17, 4)(73, 19, 4)(17, 20, 2)(75, 20, 10)(31, 21, 3)(80, 22, 10)(66, 23, 3)(44, 24, 3)(81, 25, 10)(12, 26, 9)(15, 27, 6)(18, 27, 7)(83, 27, 7)(3, 28, 5)(59, 28, 6)(41, 29, 8)(54, 31, 10)(84, 31, 2)(24, 32, 3)(20, 35, 9)(37, 36, 8)(69, 36, 9)(96, 36, 7)(27, 37, 4)(2, 38, 3)(90, 41, 8)(100, 41, 5)(36, 42, 9)(47, 42, 6)(55, 43, 6)(71, 43, 8)(21, 44, 3)(30, 44, 6)(39, 44, 3)(58, 44, 9)(77, 44, 6)(40, 47, 7)(48, 48, 5)(78, 48, 9)(16, 49, 3)(34, 50, 8)(51, 50, 10)(56, 50, 2)(79, 51, 5)(68, 52, 3)(29, 54, 4)(1, 55, 9)(61, 55, 5)(65, 55, 3)(10, 58, 8)(74, 58, 9)(9, 59, 2)(45, 59, 7)(46, 61, 6)(72, 61, 10)(11, 62, 6)(43, 62, 5)(14, 63, 8)(32, 63, 9)(50, 64, 2)(53, 64, 9)(70, 64, 4)(13, 66, 3)(88, 67, 10)(64, 70, 6)(25, 71, 8)(19, 72, 3)(49, 72, 8)(33, 73, 2)(38, 73, 2)(4, 75, 5)(22, 75, 8)(89, 76, 4)(99, 76, 4)(60, 77, 7)(82, 77, 9)(7, 79, 2)(26, 80, 9)(93, 80, 8)
Queue1 : (62, 8, 2) (91, 9, 9)
Queue2 : (94, 9, 3) (42, 10, 3)
Queue3 : (76, 10, 2)
Queue4 : (67, 9, 9)


Time: 11
Waiting clients: (63, 13, 5)(95, 15, 10)(6, 16, 2)(57, 16, 8)(86, 16, 8)(87, 16, 10)(8, 17, 2)(97, 17, 4)(73, 19, 4)(17, 20, 2)(75, 20, 10)(31, 21, 3)(80, 22, 10)(66, 23, 3)(44, 24, 3)(81, 25, 10)(12, 26, 9)(15, 27, 6)(18, 27, 7)(83, 27, 7)(3, 28, 5)(59, 28, 6)(41, 29, 8)(54, 31, 10)(84, 31, 2)(24, 32, 3)(20, 35, 9)(37, 36, 8)(69, 36, 9)(96, 36, 7)(27, 37, 4)(2, 38, 3)(90, 41, 8)(100, 41, 5)(36, 42, 9)(47, 42, 6)(55, 43, 6)(71, 43, 8)(21, 44, 3)(30, 44, 6)(39, 44, 3)(58, 44, 9)(77, 44, 6)(40, 47, 7)(48, 48, 5)(78, 48, 9)(16, 49, 3)(34, 50, 8)(51, 50, 10)(56, 50, 2)(79, 51, 5)(68, 52, 3)(29, 54, 4)(1, 55, 9)(61, 55, 5)(65, 55, 3)(10, 58, 8)(74, 58, 9)(9, 59, 2)(45, 59, 7)(46, 61, 6)(72, 61, 10)(11, 62, 6)(43, 62, 5)(14, 63, 8)(32, 63, 9)(50, 64, 2)(53, 64, 9)(70, 64, 4)(13, 66, 3)(88, 67, 10)(64, 70, 6)(25, 71, 8)(19, 72, 3)(49, 72, 8)(33, 73, 2)(38, 73, 2)(4, 75, 5)(22, 75, 8)(89, 76, 4)(99, 76, 4)(60, 77, 7)(82, 77, 9)(7, 79, 2)(26, 80, 9)(93, 80, 8)
Queue1 : (62, 8, 1) (91, 9, 9)
Queue2 : (94, 9, 2) (42, 10, 3)
Queue3 : (76, 10, 1)
Queue4 : (67, 9, 8)


Time: 12
Waiting clients: (63, 13, 5)(95, 15, 10)(6, 16, 2)(57, 16, 8)(86, 16, 8)(87, 16, 10)(8, 17, 2)(97, 17, 4)(73, 19, 4)(17, 20, 2)(75, 20, 10)(31, 21, 3)(80, 22, 10)(66, 23, 3)(44, 24, 3)(81, 25, 10)(12, 26, 9)(15, 27, 6)(18, 27, 7)(83, 27, 7)(3, 28, 5)(59, 28, 6)(41, 29, 8)(54, 31, 10)(84, 31, 2)(24, 32, 3)(20, 35, 9)(37, 36, 8)(69, 36, 9)(96, 36, 7)(27, 37, 4)(2, 38, 3)(90, 41, 8)(100, 41, 5)(36, 42, 9)(47, 42, 6)(55, 43, 6)(71, 43, 8)(21, 44, 3)(30, 44, 6)(39, 44, 3)(58, 44, 9)(77, 44, 6)(40, 47, 7)(48, 48, 5)(78, 48, 9)(16, 49, 3)(34, 50, 8)(51, 50, 10)(56, 50, 2)(79, 51, 5)(68, 52, 3)(29, 54, 4)(1, 55, 9)(61, 55, 5)(65, 55, 3)(10, 58, 8)(74, 58, 9)(9, 59, 2)(45, 59, 7)(46, 61, 6)(72, 61, 10)(11, 62, 6)(43, 62, 5)(14, 63, 8)(32, 63, 9)(50, 64, 2)(53, 64, 9)(70, 64, 4)(13, 66, 3)(88, 67, 10)(64, 70, 6)(25, 71, 8)(19, 72, 3)(49, 72, 8)(33, 73, 2)(38, 73, 2)(4, 75, 5)(22, 75, 8)(89, 76, 4)(99, 76, 4)(60, 77, 7)(82, 77, 9)(7, 79, 2)(26, 80, 9)(93, 80, 8)
Queue1 : (91, 9, 9)
Queue2 : (94, 9, 1) (42, 10, 3)
Queue3 :closed
Queue4 : (67, 9, 7)


Time: 13
Waiting clients: (95, 15, 10)(6, 16, 2)(57, 16, 8)(86, 16, 8)(87, 16, 10)(8, 17, 2)(97, 17, 4)(73, 19, 4)(17, 20, 2)(75, 20, 10)(31, 21, 3)(80, 22, 10)(66, 23, 3)(44, 24, 3)(81, 25, 10)(12, 26, 9)(15, 27, 6)(18, 27, 7)(83, 27, 7)(3, 28, 5)(59, 28, 6)(41, 29, 8)(54, 31, 10)(84, 31, 2)(24, 32, 3)(20, 35, 9)(37, 36, 8)(69, 36, 9)(96, 36, 7)(27, 37, 4)(2, 38, 3)(90, 41, 8)(100, 41, 5)(36, 42, 9)(47, 42, 6)(55, 43, 6)(71, 43, 8)(21, 44, 3)(30, 44, 6)(39, 44, 3)(58, 44, 9)(77, 44, 6)(40, 47, 7)(48, 48, 5)(78, 48, 9)(16, 49, 3)(34, 50, 8)(51, 50, 10)(56, 50, 2)(79, 51, 5)(68, 52, 3)(29, 54, 4)(1, 55, 9)(61, 55, 5)(65, 55, 3)(10, 58, 8)(74, 58, 9)(9, 59, 2)(45, 59, 7)(46, 61, 6)(72, 61, 10)(11, 62, 6)(43, 62, 5)(14, 63, 8)(32, 63, 9)(50, 64, 2)(53, 64, 9)(70, 64, 4)(13, 66, 3)(88, 67, 10)(64, 70, 6)(25, 71, 8)(19, 72, 3)(49, 72, 8)(33, 73, 2)(38, 73, 2)(4, 75, 5)(22, 75, 8)(89, 76, 4)(99, 76, 4)(60, 77, 7)(82, 77, 9)(7, 79, 2)(26, 80, 9)(93, 80, 8)
Queue1 : (91, 9, 8) (63, 13, 5)
Queue2 : (42, 10, 3)
Queue3 :closed
Queue4 : (67, 9, 6)


Time: 14
Waiting clients: (95, 15, 10)(6, 16, 2)(57, 16, 8)(86, 16, 8)(87, 16, 10)(8, 17, 2)(97, 17, 4)(73, 19, 4)(17, 20, 2)(75, 20, 10)(31, 21, 3)(80, 22, 10)(66, 23, 3)(44, 24, 3)(81, 25, 10)(12, 26, 9)(15, 27, 6)(18, 27, 7)(83, 27, 7)(3, 28, 5)(59, 28, 6)(41, 29, 8)(54, 31, 10)(84, 31, 2)(24, 32, 3)(20, 35, 9)(37, 36, 8)(69, 36, 9)(96, 36, 7)(27, 37, 4)(2, 38, 3)(90, 41, 8)(100, 41, 5)(36, 42, 9)(47, 42, 6)(55, 43, 6)(71, 43, 8)(21, 44, 3)(30, 44, 6)(39, 44, 3)(58, 44, 9)(77, 44, 6)(40, 47, 7)(48, 48, 5)(78, 48, 9)(16, 49, 3)(34, 50, 8)(51, 50, 10)(56, 50, 2)(79, 51, 5)(68, 52, 3)(29, 54, 4)(1, 55, 9)(61, 55, 5)(65, 55, 3)(10, 58, 8)(74, 58, 9)(9, 59, 2)(45, 59, 7)(46, 61, 6)(72, 61, 10)(11, 62, 6)(43, 62, 5)(14, 63, 8)(32, 63, 9)(50, 64, 2)(53, 64, 9)(70, 64, 4)(13, 66, 3)(88, 67, 10)(64, 70, 6)(25, 71, 8)(19, 72, 3)(49, 72, 8)(33, 73, 2)(38, 73, 2)(4, 75, 5)(22, 75, 8)(89, 76, 4)(99, 76, 4)(60, 77, 7)(82, 77, 9)(7, 79, 2)(26, 80, 9)(93, 80, 8)
Queue1 : (91, 9, 7) (63, 13, 5)
Queue2 : (42, 10, 2)
Queue3 :closed
Queue4 : (67, 9, 5)


Time: 15
Waiting clients: (6, 16, 2)(57, 16, 8)(86, 16, 8)(87, 16, 10)(8, 17, 2)(97, 17, 4)(73, 19, 4)(17, 20, 2)(75, 20, 10)(31, 21, 3)(80, 22, 10)(66, 23, 3)(44, 24, 3)(81, 25, 10)(12, 26, 9)(15, 27, 6)(18, 27, 7)(83, 27, 7)(3, 28, 5)(59, 28, 6)(41, 29, 8)(54, 31, 10)(84, 31, 2)(24, 32, 3)(20, 35, 9)(37, 36, 8)(69, 36, 9)(96, 36, 7)(27, 37, 4)(2, 38, 3)(90, 41, 8)(100, 41, 5)(36, 42, 9)(47, 42, 6)(55, 43, 6)(71, 43, 8)(21, 44, 3)(30, 44, 6)(39, 44, 3)(58, 44, 9)(77, 44, 6)(40, 47, 7)(48, 48, 5)(78, 48, 9)(16, 49, 3)(34, 50, 8)(51, 50, 10)(56, 50, 2)(79, 51, 5)(68, 52, 3)(29, 54, 4)(1, 55, 9)(61, 55, 5)(65, 55, 3)(10, 58, 8)(74, 58, 9)(9, 59, 2)(45, 59, 7)(46, 61, 6)(72, 61, 10)(11, 62, 6)(43, 62, 5)(14, 63, 8)(32, 63, 9)(50, 64, 2)(53, 64, 9)(70, 64, 4)(13, 66, 3)(88, 67, 10)(64, 70, 6)(25, 71, 8)(19, 72, 3)(49, 72, 8)(33, 73, 2)(38, 73, 2)(4, 75, 5)(22, 75, 8)(89, 76, 4)(99, 76, 4)(60, 77, 7)(82, 77, 9)(7, 79, 2)(26, 80, 9)(93, 80, 8)
Queue1 : (91, 9, 6) (63, 13, 5)
Queue2 : (42, 10, 1) (95, 15, 10)
Queue3 :closed
Queue4 : (67, 9, 4)


Time: 16
Waiting clients: (8, 17, 2)(97, 17, 4)(73, 19, 4)(17, 20, 2)(75, 20, 10)(31, 21, 3)(80, 22, 10)(66, 23, 3)(44, 24, 3)(81, 25, 10)(12, 26, 9)(15, 27, 6)(18, 27, 7)(83, 27, 7)(3, 28, 5)(59, 28, 6)(41, 29, 8)(54, 31, 10)(84, 31, 2)(24, 32, 3)(20, 35, 9)(37, 36, 8)(69, 36, 9)(96, 36, 7)(27, 37, 4)(2, 38, 3)(90, 41, 8)(100, 41, 5)(36, 42, 9)(47, 42, 6)(55, 43, 6)(71, 43, 8)(21, 44, 3)(30, 44, 6)(39, 44, 3)(58, 44, 9)(77, 44, 6)(40, 47, 7)(48, 48, 5)(78, 48, 9)(16, 49, 3)(34, 50, 8)(51, 50, 10)(56, 50, 2)(79, 51, 5)(68, 52, 3)(29, 54, 4)(1, 55, 9)(61, 55, 5)(65, 55, 3)(10, 58, 8)(74, 58, 9)(9, 59, 2)(45, 59, 7)(46, 61, 6)(72, 61, 10)(11, 62, 6)(43, 62, 5)(14, 63, 8)(32, 63, 9)(50, 64, 2)(53, 64, 9)(70, 64, 4)(13, 66, 3)(88, 67, 10)(64, 70, 6)(25, 71, 8)(19, 72, 3)(49, 72, 8)(33, 73, 2)(38, 73, 2)(4, 75, 5)(22, 75, 8)(89, 76, 4)(99, 76, 4)(60, 77, 7)(82, 77, 9)(7, 79, 2)(26, 80, 9)(93, 80, 8)
Queue1 : (63, 13, 5) (6, 16, 2)
Queue2 : (95, 15, 10) (57, 16, 8)
Queue3 : (86, 16, 8)
Queue4 : (87, 16, 10)


Time: 17
Waiting clients: (73, 19, 4)(17, 20, 2)(75, 20, 10)(31, 21, 3)(80, 22, 10)(66, 23, 3)(44, 24, 3)(81, 25, 10)(12, 26, 9)(15, 27, 6)(18, 27, 7)(83, 27, 7)(3, 28, 5)(59, 28, 6)(41, 29, 8)(54, 31, 10)(84, 31, 2)(24, 32, 3)(20, 35, 9)(37, 36, 8)(69, 36, 9)(96, 36, 7)(27, 37, 4)(2, 38, 3)(90, 41, 8)(100, 41, 5)(36, 42, 9)(47, 42, 6)(55, 43, 6)(71, 43, 8)(21, 44, 3)(30, 44, 6)(39, 44, 3)(58, 44, 9)(77, 44, 6)(40, 47, 7)(48, 48, 5)(78, 48, 9)(16, 49, 3)(34, 50, 8)(51, 50, 10)(56, 50, 2)(79, 51, 5)(68, 52, 3)(29, 54, 4)(1, 55, 9)(61, 55, 5)(65, 55, 3)(10, 58, 8)(74, 58, 9)(9, 59, 2)(45, 59, 7)(46, 61, 6)(72, 61, 10)(11, 62, 6)(43, 62, 5)(14, 63, 8)(32, 63, 9)(50, 64, 2)(53, 64, 9)(70, 64, 4)(13, 66, 3)(88, 67, 10)(64, 70, 6)(25, 71, 8)(19, 72, 3)(49, 72, 8)(33, 73, 2)(38, 73, 2)(4, 75, 5)(22, 75, 8)(89, 76, 4)(99, 76, 4)(60, 77, 7)(82, 77, 9)(7, 79, 2)(26, 80, 9)(93, 80, 8)
Queue1 : (63, 13, 4) (6, 16, 2)
Queue2 : (95, 15, 9) (57, 16, 8)
Queue3 : (8, 17, 2)
Queue4 : (87, 16, 9) (97, 17, 4)


Time: 18
Waiting clients: (73, 19, 4)(17, 20, 2)(75, 20, 10)(31, 21, 3)(80, 22, 10)(66, 23, 3)(44, 24, 3)(81, 25, 10)(12, 26, 9)(15, 27, 6)(18, 27, 7)(83, 27, 7)(3, 28, 5)(59, 28, 6)(41, 29, 8)(54, 31, 10)(84, 31, 2)(24, 32, 3)(20, 35, 9)(37, 36, 8)(69, 36, 9)(96, 36, 7)(27, 37, 4)(2, 38, 3)(90, 41, 8)(100, 41, 5)(36, 42, 9)(47, 42, 6)(55, 43, 6)(71, 43, 8)(21, 44, 3)(30, 44, 6)(39, 44, 3)(58, 44, 9)(77, 44, 6)(40, 47, 7)(48, 48, 5)(78, 48, 9)(16, 49, 3)(34, 50, 8)(51, 50, 10)(56, 50, 2)(79, 51, 5)(68, 52, 3)(29, 54, 4)(1, 55, 9)(61, 55, 5)(65, 55, 3)(10, 58, 8)(74, 58, 9)(9, 59, 2)(45, 59, 7)(46, 61, 6)(72, 61, 10)(11, 62, 6)(43, 62, 5)(14, 63, 8)(32, 63, 9)(50, 64, 2)(53, 64, 9)(70, 64, 4)(13, 66, 3)(88, 67, 10)(64, 70, 6)(25, 71, 8)(19, 72, 3)(49, 72, 8)(33, 73, 2)(38, 73, 2)(4, 75, 5)(22, 75, 8)(89, 76, 4)(99, 76, 4)(60, 77, 7)(82, 77, 9)(7, 79, 2)(26, 80, 9)(93, 80, 8)
Queue1 : (63, 13, 3) (6, 16, 2)
Queue2 : (95, 15, 8) (57, 16, 8)
Queue3 : (8, 17, 1)
Queue4 : (87, 16, 8) (97, 17, 4)


Time: 19
Waiting clients: (17, 20, 2)(75, 20, 10)(31, 21, 3)(80, 22, 10)(66, 23, 3)(44, 24, 3)(81, 25, 10)(12, 26, 9)(15, 27, 6)(18, 27, 7)(83, 27, 7)(3, 28, 5)(59, 28, 6)(41, 29, 8)(54, 31, 10)(84, 31, 2)(24, 32, 3)(20, 35, 9)(37, 36, 8)(69, 36, 9)(96, 36, 7)(27, 37, 4)(2, 38, 3)(90, 41, 8)(100, 41, 5)(36, 42, 9)(47, 42, 6)(55, 43, 6)(71, 43, 8)(21, 44, 3)(30, 44, 6)(39, 44, 3)(58, 44, 9)(77, 44, 6)(40, 47, 7)(48, 48, 5)(78, 48, 9)(16, 49, 3)(34, 50, 8)(51, 50, 10)(56, 50, 2)(79, 51, 5)(68, 52, 3)(29, 54, 4)(1, 55, 9)(61, 55, 5)(65, 55, 3)(10, 58, 8)(74, 58, 9)(9, 59, 2)(45, 59, 7)(46, 61, 6)(72, 61, 10)(11, 62, 6)(43, 62, 5)(14, 63, 8)(32, 63, 9)(50, 64, 2)(53, 64, 9)(70, 64, 4)(13, 66, 3)(88, 67, 10)(64, 70, 6)(25, 71, 8)(19, 72, 3)(49, 72, 8)(33, 73, 2)(38, 73, 2)(4, 75, 5)(22, 75, 8)(89, 76, 4)(99, 76, 4)(60, 77, 7)(82, 77, 9)(7, 79, 2)(26, 80, 9)(93, 80, 8)
Queue1 : (63, 13, 2) (6, 16, 2)
Queue2 : (57, 16, 8) (73, 19, 4)
Queue3 :closed
Queue4 : (97, 17, 4)


Time: 20
Waiting clients: (31, 21, 3)(80, 22, 10)(66, 23, 3)(44, 24, 3)(81, 25, 10)(12, 26, 9)(15, 27, 6)(18, 27, 7)(83, 27, 7)(3, 28, 5)(59, 28, 6)(41, 29, 8)(54, 31, 10)(84, 31, 2)(24, 32, 3)(20, 35, 9)(37, 36, 8)(69, 36, 9)(96, 36, 7)(27, 37, 4)(2, 38, 3)(90, 41, 8)(100, 41, 5)(36, 42, 9)(47, 42, 6)(55, 43, 6)(71, 43, 8)(21, 44, 3)(30, 44, 6)(39, 44, 3)(58, 44, 9)(77, 44, 6)(40, 47, 7)(48, 48, 5)(78, 48, 9)(16, 49, 3)(34, 50, 8)(51, 50, 10)(56, 50, 2)(79, 51, 5)(68, 52, 3)(29, 54, 4)(1, 55, 9)(61, 55, 5)(65, 55, 3)(10, 58, 8)(74, 58, 9)(9, 59, 2)(45, 59, 7)(46, 61, 6)(72, 61, 10)(11, 62, 6)(43, 62, 5)(14, 63, 8)(32, 63, 9)(50, 64, 2)(53, 64, 9)(70, 64, 4)(13, 66, 3)(88, 67, 10)(64, 70, 6)(25, 71, 8)(19, 72, 3)(49, 72, 8)(33, 73, 2)(38, 73, 2)(4, 75, 5)(22, 75, 8)(89, 76, 4)(99, 76, 4)(60, 77, 7)(82, 77, 9)(7, 79, 2)(26, 80, 9)(93, 80, 8)
Queue1 : (63, 13, 1) (6, 16, 2)
Queue2 : (57, 16, 7) (73, 19, 4)
Queue3 : (17, 20, 2)
Queue4 : (97, 17, 3) (75, 20, 10)


Time: 21
Waiting clients: (80, 22, 10)(66, 23, 3)(44, 24, 3)(81, 25, 10)(12, 26, 9)(15, 27, 6)(18, 27, 7)(83, 27, 7)(3, 28, 5)(59, 28, 6)(41, 29, 8)(54, 31, 10)(84, 31, 2)(24, 32, 3)(20, 35, 9)(37, 36, 8)(69, 36, 9)(96, 36, 7)(27, 37, 4)(2, 38, 3)(90, 41, 8)(100, 41, 5)(36, 42, 9)(47, 42, 6)(55, 43, 6)(71, 43, 8)(21, 44, 3)(30, 44, 6)(39, 44, 3)(58, 44, 9)(77, 44, 6)(40, 47, 7)(48, 48, 5)(78, 48, 9)(16, 49, 3)(34, 50, 8)(51, 50, 10)(56, 50, 2)(79, 51, 5)(68, 52, 3)(29, 54, 4)(1, 55, 9)(61, 55, 5)(65, 55, 3)(10, 58, 8)(74, 58, 9)(9, 59, 2)(45, 59, 7)(46, 61, 6)(72, 61, 10)(11, 62, 6)(43, 62, 5)(14, 63, 8)(32, 63, 9)(50, 64, 2)(53, 64, 9)(70, 64, 4)(13, 66, 3)(88, 67, 10)(64, 70, 6)(25, 71, 8)(19, 72, 3)(49, 72, 8)(33, 73, 2)(38, 73, 2)(4, 75, 5)(22, 75, 8)(89, 76, 4)(99, 76, 4)(60, 77, 7)(82, 77, 9)(7, 79, 2)(26, 80, 9)(93, 80, 8)
Queue1 : (31, 21, 3)
Queue2 : (57, 16, 6) (73, 19, 4)
Queue3 : (17, 20, 1)
Queue4 : (97, 17, 2) (75, 20, 10)


Time: 22
Waiting clients: (66, 23, 3)(44, 24, 3)(81, 25, 10)(12, 26, 9)(15, 27, 6)(18, 27, 7)(83, 27, 7)(3, 28, 5)(59, 28, 6)(41, 29, 8)(54, 31, 10)(84, 31, 2)(24, 32, 3)(20, 35, 9)(37, 36, 8)(69, 36, 9)(96, 36, 7)(27, 37, 4)(2, 38, 3)(90, 41, 8)(100, 41, 5)(36, 42, 9)(47, 42, 6)(55, 43, 6)(71, 43, 8)(21, 44, 3)(30, 44, 6)(39, 44, 3)(58, 44, 9)(77, 44, 6)(40, 47, 7)(48, 48, 5)(78, 48, 9)(16, 49, 3)(34, 50, 8)(51, 50, 10)(56, 50, 2)(79, 51, 5)(68, 52, 3)(29, 54, 4)(1, 55, 9)(61, 55, 5)(65, 55, 3)(10, 58, 8)(74, 58, 9)(9, 59, 2)(45, 59, 7)(46, 61, 6)(72, 61, 10)(11, 62, 6)(43, 62, 5)(14, 63, 8)(32, 63, 9)(50, 64, 2)(53, 64, 9)(70, 64, 4)(13, 66, 3)(88, 67, 10)(64, 70, 6)(25, 71, 8)(19, 72, 3)(49, 72, 8)(33, 73, 2)(38, 73, 2)(4, 75, 5)(22, 75, 8)(89, 76, 4)(99, 76, 4)(60, 77, 7)(82, 77, 9)(7, 79, 2)(26, 80, 9)(93, 80, 8)
Queue1 : (31, 21, 2) (80, 22, 10)
Queue2 : (57, 16, 5) (73, 19, 4)
Queue3 :closed
Queue4 : (97, 17, 1) (75, 20, 10)


Time: 23
Waiting clients: (44, 24, 3)(81, 25, 10)(12, 26, 9)(15, 27, 6)(18, 27, 7)(83, 27, 7)(3, 28, 5)(59, 28, 6)(41, 29, 8)(54, 31, 10)(84, 31, 2)(24, 32, 3)(20, 35, 9)(37, 36, 8)(69, 36, 9)(96, 36, 7)(27, 37, 4)(2, 38, 3)(90, 41, 8)(100, 41, 5)(36, 42, 9)(47, 42, 6)(55, 43, 6)(71, 43, 8)(21, 44, 3)(30, 44, 6)(39, 44, 3)(58, 44, 9)(77, 44, 6)(40, 47, 7)(48, 48, 5)(78, 48, 9)(16, 49, 3)(34, 50, 8)(51, 50, 10)(56, 50, 2)(79, 51, 5)(68, 52, 3)(29, 54, 4)(1, 55, 9)(61, 55, 5)(65, 55, 3)(10, 58, 8)(74, 58, 9)(9, 59, 2)(45, 59, 7)(46, 61, 6)(72, 61, 10)(11, 62, 6)(43, 62, 5)(14, 63, 8)(32, 63, 9)(50, 64, 2)(53, 64, 9)(70, 64, 4)(13, 66, 3)(88, 67, 10)(64, 70, 6)(25, 71, 8)(19, 72, 3)(49, 72, 8)(33, 73, 2)(38, 73, 2)(4, 75, 5)(22, 75, 8)(89, 76, 4)(99, 76, 4)(60, 77, 7)(82, 77, 9)(7, 79, 2)(26, 80, 9)(93, 80, 8)
Queue1 : (80, 22, 10) (66, 23, 3)
Queue2 : (57, 16, 4) (73, 19, 4)
Queue3 :closed
Queue4 : (75, 20, 10)


Time: 24
Waiting clients: (81, 25, 10)(12, 26, 9)(15, 27, 6)(18, 27, 7)(83, 27, 7)(3, 28, 5)(59, 28, 6)(41, 29, 8)(54, 31, 10)(84, 31, 2)(24, 32, 3)(20, 35, 9)(37, 36, 8)(69, 36, 9)(96, 36, 7)(27, 37, 4)(2, 38, 3)(90, 41, 8)(100, 41, 5)(36, 42, 9)(47, 42, 6)(55, 43, 6)(71, 43, 8)(21, 44, 3)(30, 44, 6)(39, 44, 3)(58, 44, 9)(77, 44, 6)(40, 47, 7)(48, 48, 5)(78, 48, 9)(16, 49, 3)(34, 50, 8)(51, 50, 10)(56, 50, 2)(79, 51, 5)(68, 52, 3)(29, 54, 4)(1, 55, 9)(61, 55, 5)(65, 55, 3)(10, 58, 8)(74, 58, 9)(9, 59, 2)(45, 59, 7)(46, 61, 6)(72, 61, 10)(11, 62, 6)(43, 62, 5)(14, 63, 8)(32, 63, 9)(50, 64, 2)(53, 64, 9)(70, 64, 4)(13, 66, 3)(88, 67, 10)(64, 70, 6)(25, 71, 8)(19, 72, 3)(49, 72, 8)(33, 73, 2)(38, 73, 2)(4, 75, 5)(22, 75, 8)(89, 76, 4)(99, 76, 4)(60, 77, 7)(82, 77, 9)(7, 79, 2)(26, 80, 9)(93, 80, 8)
Queue1 : (66, 23, 3) (44, 24, 3)
Queue2 : (57, 16, 3) (73, 19, 4)
Queue3 :closed
Queue4 : (75, 20, 9)


Time: 25
Waiting clients: (12, 26, 9)(15, 27, 6)(18, 27, 7)(83, 27, 7)(3, 28, 5)(59, 28, 6)(41, 29, 8)(54, 31, 10)(84, 31, 2)(24, 32, 3)(20, 35, 9)(37, 36, 8)(69, 36, 9)(96, 36, 7)(27, 37, 4)(2, 38, 3)(90, 41, 8)(100, 41, 5)(36, 42, 9)(47, 42, 6)(55, 43, 6)(71, 43, 8)(21, 44, 3)(30, 44, 6)(39, 44, 3)(58, 44, 9)(77, 44, 6)(40, 47, 7)(48, 48, 5)(78, 48, 9)(16, 49, 3)(34, 50, 8)(51, 50, 10)(56, 50, 2)(79, 51, 5)(68, 52, 3)(29, 54, 4)(1, 55, 9)(61, 55, 5)(65, 55, 3)(10, 58, 8)(74, 58, 9)(9, 59, 2)(45, 59, 7)(46, 61, 6)(72, 61, 10)(11, 62, 6)(43, 62, 5)(14, 63, 8)(32, 63, 9)(50, 64, 2)(53, 64, 9)(70, 64, 4)(13, 66, 3)(88, 67, 10)(64, 70, 6)(25, 71, 8)(19, 72, 3)(49, 72, 8)(33, 73, 2)(38, 73, 2)(4, 75, 5)(22, 75, 8)(89, 76, 4)(99, 76, 4)(60, 77, 7)(82, 77, 9)(7, 79, 2)(26, 80, 9)(93, 80, 8)
Queue1 : (66, 23, 2) (44, 24, 3)
Queue2 : (57, 16, 2) (73, 19, 4)
Queue3 : (81, 25, 10)
Queue4 : (75, 20, 8)


Time: 26
Waiting clients: (15, 27, 6)(18, 27, 7)(83, 27, 7)(3, 28, 5)(59, 28, 6)(41, 29, 8)(54, 31, 10)(84, 31, 2)(24, 32, 3)(20, 35, 9)(37, 36, 8)(69, 36, 9)(96, 36, 7)(27, 37, 4)(2, 38, 3)(90, 41, 8)(100, 41, 5)(36, 42, 9)(47, 42, 6)(55, 43, 6)(71, 43, 8)(21, 44, 3)(30, 44, 6)(39, 44, 3)(58, 44, 9)(77, 44, 6)(40, 47, 7)(48, 48, 5)(78, 48, 9)(16, 49, 3)(34, 50, 8)(51, 50, 10)(56, 50, 2)(79, 51, 5)(68, 52, 3)(29, 54, 4)(1, 55, 9)(61, 55, 5)(65, 55, 3)(10, 58, 8)(74, 58, 9)(9, 59, 2)(45, 59, 7)(46, 61, 6)(72, 61, 10)(11, 62, 6)(43, 62, 5)(14, 63, 8)(32, 63, 9)(50, 64, 2)(53, 64, 9)(70, 64, 4)(13, 66, 3)(88, 67, 10)(64, 70, 6)(25, 71, 8)(19, 72, 3)(49, 72, 8)(33, 73, 2)(38, 73, 2)(4, 75, 5)(22, 75, 8)(89, 76, 4)(99, 76, 4)(60, 77, 7)(82, 77, 9)(7, 79, 2)(26, 80, 9)(93, 80, 8)
Queue1 : (66, 23, 1) (44, 24, 3)
Queue2 : (73, 19, 4) (12, 26, 9)
Queue3 : (81, 25, 9)
Queue4 :closed


Time: 27
Waiting clients: (3, 28, 5)(59, 28, 6)(41, 29, 8)(54, 31, 10)(84, 31, 2)(24, 32, 3)(20, 35, 9)(37, 36, 8)(69, 36, 9)(96, 36, 7)(27, 37, 4)(2, 38, 3)(90, 41, 8)(100, 41, 5)(36, 42, 9)(47, 42, 6)(55, 43, 6)(71, 43, 8)(21, 44, 3)(30, 44, 6)(39, 44, 3)(58, 44, 9)(77, 44, 6)(40, 47, 7)(48, 48, 5)(78, 48, 9)(16, 49, 3)(34, 50, 8)(51, 50, 10)(56, 50, 2)(79, 51, 5)(68, 52, 3)(29, 54, 4)(1, 55, 9)(61, 55, 5)(65, 55, 3)(10, 58, 8)(74, 58, 9)(9, 59, 2)(45, 59, 7)(46, 61, 6)(72, 61, 10)(11, 62, 6)(43, 62, 5)(14, 63, 8)(32, 63, 9)(50, 64, 2)(53, 64, 9)(70, 64, 4)(13, 66, 3)(88, 67, 10)(64, 70, 6)(25, 71, 8)(19, 72, 3)(49, 72, 8)(33, 73, 2)(38, 73, 2)(4, 75, 5)(22, 75, 8)(89, 76, 4)(99, 76, 4)(60, 77, 7)(82, 77, 9)(7, 79, 2)(26, 80, 9)(93, 80, 8)
Queue1 : (44, 24, 3) (15, 27, 6)
Queue2 : (12, 26, 9) (18, 27, 7)
Queue3 : (83, 27, 7)
Queue4 :closed


Time: 28
Waiting clients: (41, 29, 8)(54, 31, 10)(84, 31, 2)(24, 32, 3)(20, 35, 9)(37, 36, 8)(69, 36, 9)(96, 36, 7)(27, 37, 4)(2, 38, 3)(90, 41, 8)(100, 41, 5)(36, 42, 9)(47, 42, 6)(55, 43, 6)(71, 43, 8)(21, 44, 3)(30, 44, 6)(39, 44, 3)(58, 44, 9)(77, 44, 6)(40, 47, 7)(48, 48, 5)(78, 48, 9)(16, 49, 3)(34, 50, 8)(51, 50, 10)(56, 50, 2)(79, 51, 5)(68, 52, 3)(29, 54, 4)(1, 55, 9)(61, 55, 5)(65, 55, 3)(10, 58, 8)(74, 58, 9)(9, 59, 2)(45, 59, 7)(46, 61, 6)(72, 61, 10)(11, 62, 6)(43, 62, 5)(14, 63, 8)(32, 63, 9)(50, 64, 2)(53, 64, 9)(70, 64, 4)(13, 66, 3)(88, 67, 10)(64, 70, 6)(25, 71, 8)(19, 72, 3)(49, 72, 8)(33, 73, 2)(38, 73, 2)(4, 75, 5)(22, 75, 8)(89, 76, 4)(99, 76, 4)(60, 77, 7)(82, 77, 9)(7, 79, 2)(26, 80, 9)(93, 80, 8)
Queue1 : (44, 24, 2) (15, 27, 6)
Queue2 : (12, 26, 8) (18, 27, 7)
Queue3 : (83, 27, 6) (3, 28, 5)
Queue4 : (59, 28, 6)


Time: 29
Waiting clients: (54, 31, 10)(84, 31, 2)(24, 32, 3)(20, 35, 9)(37, 36, 8)(69, 36, 9)(96, 36, 7)(27, 37, 4)(2, 38, 3)(90, 41, 8)(100, 41, 5)(36, 42, 9)(47, 42, 6)(55, 43, 6)(71, 43, 8)(21, 44, 3)(30, 44, 6)(39, 44, 3)(58, 44, 9)(77, 44, 6)(40, 47, 7)(48, 48, 5)(78, 48, 9)(16, 49, 3)(34, 50, 8)(51, 50, 10)(56, 50, 2)(79, 51, 5)(68, 52, 3)(29, 54, 4)(1, 55, 9)(61, 55, 5)(65, 55, 3)(10, 58, 8)(74, 58, 9)(9, 59, 2)(45, 59, 7)(46, 61, 6)(72, 61, 10)(11, 62, 6)(43, 62, 5)(14, 63, 8)(32, 63, 9)(50, 64, 2)(53, 64, 9)(70, 64, 4)(13, 66, 3)(88, 67, 10)(64, 70, 6)(25, 71, 8)(19, 72, 3)(49, 72, 8)(33, 73, 2)(38, 73, 2)(4, 75, 5)(22, 75, 8)(89, 76, 4)(99, 76, 4)(60, 77, 7)(82, 77, 9)(7, 79, 2)(26, 80, 9)(93, 80, 8)
Queue1 : (44, 24, 1) (15, 27, 6)
Queue2 : (12, 26, 7) (18, 27, 7)
Queue3 : (83, 27, 5) (3, 28, 5)
Queue4 : (59, 28, 5) (41, 29, 8)


Time: 30
Waiting clients: (54, 31, 10)(84, 31, 2)(24, 32, 3)(20, 35, 9)(37, 36, 8)(69, 36, 9)(96, 36, 7)(27, 37, 4)(2, 38, 3)(90, 41, 8)(100, 41, 5)(36, 42, 9)(47, 42, 6)(55, 43, 6)(71, 43, 8)(21, 44, 3)(30, 44, 6)(39, 44, 3)(58, 44, 9)(77, 44, 6)(40, 47, 7)(48, 48, 5)(78, 48, 9)(16, 49, 3)(34, 50, 8)(51, 50, 10)(56, 50, 2)(79, 51, 5)(68, 52, 3)(29, 54, 4)(1, 55, 9)(61, 55, 5)(65, 55, 3)(10, 58, 8)(74, 58, 9)(9, 59, 2)(45, 59, 7)(46, 61, 6)(72, 61, 10)(11, 62, 6)(43, 62, 5)(14, 63, 8)(32, 63, 9)(50, 64, 2)(53, 64, 9)(70, 64, 4)(13, 66, 3)(88, 67, 10)(64, 70, 6)(25, 71, 8)(19, 72, 3)(49, 72, 8)(33, 73, 2)(38, 73, 2)(4, 75, 5)(22, 75, 8)(89, 76, 4)(99, 76, 4)(60, 77, 7)(82, 77, 9)(7, 79, 2)(26, 80, 9)(93, 80, 8)
Queue1 : (15, 27, 6)
Queue2 : (18, 27, 7)
Queue3 : (83, 27, 4) (3, 28, 5)
Queue4 : (59, 28, 4) (41, 29, 8)


Time: 31
Waiting clients: (24, 32, 3)(20, 35, 9)(37, 36, 8)(69, 36, 9)(96, 36, 7)(27, 37, 4)(2, 38, 3)(90, 41, 8)(100, 41, 5)(36, 42, 9)(47, 42, 6)(55, 43, 6)(71, 43, 8)(21, 44, 3)(30, 44, 6)(39, 44, 3)(58, 44, 9)(77, 44, 6)(40, 47, 7)(48, 48, 5)(78, 48, 9)(16, 49, 3)(34, 50, 8)(51, 50, 10)(56, 50, 2)(79, 51, 5)(68, 52, 3)(29, 54, 4)(1, 55, 9)(61, 55, 5)(65, 55, 3)(10, 58, 8)(74, 58, 9)(9, 59, 2)(45, 59, 7)(46, 61, 6)(72, 61, 10)(11, 62, 6)(43, 62, 5)(14, 63, 8)(32, 63, 9)(50, 64, 2)(53, 64, 9)(70, 64, 4)(13, 66, 3)(88, 67, 10)(64, 70, 6)(25, 71, 8)(19, 72, 3)(49, 72, 8)(33, 73, 2)(38, 73, 2)(4, 75, 5)(22, 75, 8)(89, 76, 4)(99, 76, 4)(60, 77, 7)(82, 77, 9)(7, 79, 2)(26, 80, 9)(93, 80, 8)
Queue1 : (15, 27, 5) (54, 31, 10)
Queue2 : (18, 27, 6) (84, 31, 2)
Queue3 : (83, 27, 3) (3, 28, 5)
Queue4 : (59, 28, 3) (41, 29, 8)


Time: 32
Waiting clients: (20, 35, 9)(37, 36, 8)(69, 36, 9)(96, 36, 7)(27, 37, 4)(2, 38, 3)(90, 41, 8)(100, 41, 5)(36, 42, 9)(47, 42, 6)(55, 43, 6)(71, 43, 8)(21, 44, 3)(30, 44, 6)(39, 44, 3)(58, 44, 9)(77, 44, 6)(40, 47, 7)(48, 48, 5)(78, 48, 9)(16, 49, 3)(34, 50, 8)(51, 50, 10)(56, 50, 2)(79, 51, 5)(68, 52, 3)(29, 54, 4)(1, 55, 9)(61, 55, 5)(65, 55, 3)(10, 58, 8)(74, 58, 9)(9, 59, 2)(45, 59, 7)(46, 61, 6)(72, 61, 10)(11, 62, 6)(43, 62, 5)(14, 63, 8)(32, 63, 9)(50, 64, 2)(53, 64, 9)(70, 64, 4)(13, 66, 3)(88, 67, 10)(64, 70, 6)(25, 71, 8)(19, 72, 3)(49, 72, 8)(33, 73, 2)(38, 73, 2)(4, 75, 5)(22, 75, 8)(89, 76, 4)(99, 76, 4)(60, 77, 7)(82, 77, 9)(7, 79, 2)(26, 80, 9)(93, 80, 8)
Queue1 : (15, 27, 4) (54, 31, 10) (24, 32, 3)
Queue2 : (18, 27, 5) (84, 31, 2)
Queue3 : (83, 27, 2) (3, 28, 5)
Queue4 : (59, 28, 2) (41, 29, 8)


Time: 33
Waiting clients: (20, 35, 9)(37, 36, 8)(69, 36, 9)(96, 36, 7)(27, 37, 4)(2, 38, 3)(90, 41, 8)(100, 41, 5)(36, 42, 9)(47, 42, 6)(55, 43, 6)(71, 43, 8)(21, 44, 3)(30, 44, 6)(39, 44, 3)(58, 44, 9)(77, 44, 6)(40, 47, 7)(48, 48, 5)(78, 48, 9)(16, 49, 3)(34, 50, 8)(51, 50, 10)(56, 50, 2)(79, 51, 5)(68, 52, 3)(29, 54, 4)(1, 55, 9)(61, 55, 5)(65, 55, 3)(10, 58, 8)(74, 58, 9)(9, 59, 2)(45, 59, 7)(46, 61, 6)(72, 61, 10)(11, 62, 6)(43, 62, 5)(14, 63, 8)(32, 63, 9)(50, 64, 2)(53, 64, 9)(70, 64, 4)(13, 66, 3)(88, 67, 10)(64, 70, 6)(25, 71, 8)(19, 72, 3)(49, 72, 8)(33, 73, 2)(38, 73, 2)(4, 75, 5)(22, 75, 8)(89, 76, 4)(99, 76, 4)(60, 77, 7)(82, 77, 9)(7, 79, 2)(26, 80, 9)(93, 80, 8)
Queue1 : (54, 31, 10) (24, 32, 3)
Queue2 : (18, 27, 4) (84, 31, 2)
Queue3 : (83, 27, 1) (3, 28, 5)
Queue4 : (41, 29, 8)


Time: 34
Waiting clients: (20, 35, 9)(37, 36, 8)(69, 36, 9)(96, 36, 7)(27, 37, 4)(2, 38, 3)(90, 41, 8)(100, 41, 5)(36, 42, 9)(47, 42, 6)(55, 43, 6)(71, 43, 8)(21, 44, 3)(30, 44, 6)(39, 44, 3)(58, 44, 9)(77, 44, 6)(40, 47, 7)(48, 48, 5)(78, 48, 9)(16, 49, 3)(34, 50, 8)(51, 50, 10)(56, 50, 2)(79, 51, 5)(68, 52, 3)(29, 54, 4)(1, 55, 9)(61, 55, 5)(65, 55, 3)(10, 58, 8)(74, 58, 9)(9, 59, 2)(45, 59, 7)(46, 61, 6)(72, 61, 10)(11, 62, 6)(43, 62, 5)(14, 63, 8)(32, 63, 9)(50, 64, 2)(53, 64, 9)(70, 64, 4)(13, 66, 3)(88, 67, 10)(64, 70, 6)(25, 71, 8)(19, 72, 3)(49, 72, 8)(33, 73, 2)(38, 73, 2)(4, 75, 5)(22, 75, 8)(89, 76, 4)(99, 76, 4)(60, 77, 7)(82, 77, 9)(7, 79, 2)(26, 80, 9)(93, 80, 8)
Queue1 : (54, 31, 9) (24, 32, 3)
Queue2 : (18, 27, 3) (84, 31, 2)
Queue3 : (3, 28, 5)
Queue4 :closed


Time: 35
Waiting clients: (37, 36, 8)(69, 36, 9)(96, 36, 7)(27, 37, 4)(2, 38, 3)(90, 41, 8)(100, 41, 5)(36, 42, 9)(47, 42, 6)(55, 43, 6)(71, 43, 8)(21, 44, 3)(30, 44, 6)(39, 44, 3)(58, 44, 9)(77, 44, 6)(40, 47, 7)(48, 48, 5)(78, 48, 9)(16, 49, 3)(34, 50, 8)(51, 50, 10)(56, 50, 2)(79, 51, 5)(68, 52, 3)(29, 54, 4)(1, 55, 9)(61, 55, 5)(65, 55, 3)(10, 58, 8)(74, 58, 9)(9, 59, 2)(45, 59, 7)(46, 61, 6)(72, 61, 10)(11, 62, 6)(43, 62, 5)(14, 63, 8)(32, 63, 9)(50, 64, 2)(53, 64, 9)(70, 64, 4)(13, 66, 3)(88, 67, 10)(64, 70, 6)(25, 71, 8)(19, 72, 3)(49, 72, 8)(33, 73, 2)(38, 73, 2)(4, 75, 5)(22, 75, 8)(89, 76, 4)(99, 76, 4)(60, 77, 7)(82, 77, 9)(7, 79, 2)(26, 80, 9)(93, 80, 8)
Queue1 : (54, 31, 8) (24, 32, 3)
Queue2 : (18, 27, 2) (84, 31, 2)
Queue3 : (20, 35, 9)
Queue4 :closed


Time: 36
Waiting clients: (27, 37, 4)(2, 38, 3)(90, 41, 8)(100, 41, 5)(36, 42, 9)(47, 42, 6)(55, 43, 6)(71, 43, 8)(21, 44, 3)(30, 44, 6)(39, 44, 3)(58, 44, 9)(77, 44, 6)(40, 47, 7)(48, 48, 5)(78, 48, 9)(16, 49, 3)(34, 50, 8)(51, 50, 10)(56, 50, 2)(79, 51, 5)(68, 52, 3)(29, 54, 4)(1, 55, 9)(61, 55, 5)(65, 55, 3)(10, 58, 8)(74, 58, 9)(9, 59, 2)(45, 59, 7)(46, 61, 6)(72, 61, 10)(11, 62, 6)(43, 62, 5)(14, 63, 8)(32, 63, 9)(50, 64, 2)(53, 64, 9)(70, 64, 4)(13, 66, 3)(88, 67, 10)(64, 70, 6)(25, 71, 8)(19, 72, 3)(49, 72, 8)(33, 73, 2)(38, 73, 2)(4, 75, 5)(22, 75, 8)(89, 76, 4)(99, 76, 4)(60, 77, 7)(82, 77, 9)(7, 79, 2)(26, 80, 9)(93, 80, 8)
Queue1 : (24, 32, 3) (37, 36, 8)
Queue2 : (84, 31, 2) (69, 36, 9)
Queue3 : (20, 35, 8) (96, 36, 7)
Queue4 :closed


Time: 37
Waiting clients: (2, 38, 3)(90, 41, 8)(100, 41, 5)(36, 42, 9)(47, 42, 6)(55, 43, 6)(71, 43, 8)(21, 44, 3)(30, 44, 6)(39, 44, 3)(58, 44, 9)(77, 44, 6)(40, 47, 7)(48, 48, 5)(78, 48, 9)(16, 49, 3)(34, 50, 8)(51, 50, 10)(56, 50, 2)(79, 51, 5)(68, 52, 3)(29, 54, 4)(1, 55, 9)(61, 55, 5)(65, 55, 3)(10, 58, 8)(74, 58, 9)(9, 59, 2)(45, 59, 7)(46, 61, 6)(72, 61, 10)(11, 62, 6)(43, 62, 5)(14, 63, 8)(32, 63, 9)(50, 64, 2)(53, 64, 9)(70, 64, 4)(13, 66, 3)(88, 67, 10)(64, 70, 6)(25, 71, 8)(19, 72, 3)(49, 72, 8)(33, 73, 2)(38, 73, 2)(4, 75, 5)(22, 75, 8)(89, 76, 4)(99, 76, 4)(60, 77, 7)(82, 77, 9)(7, 79, 2)(26, 80, 9)(93, 80, 8)
Queue1 : (24, 32, 2) (37, 36, 8)
Queue2 : (69, 36, 9) (27, 37, 4)
Queue3 : (20, 35, 7) (96, 36, 7)
Queue4 :closed


Time: 38
Waiting clients: (90, 41, 8)(100, 41, 5)(36, 42, 9)(47, 42, 6)(55, 43, 6)(71, 43, 8)(21, 44, 3)(30, 44, 6)(39, 44, 3)(58, 44, 9)(77, 44, 6)(40, 47, 7)(48, 48, 5)(78, 48, 9)(16, 49, 3)(34, 50, 8)(51, 50, 10)(56, 50, 2)(79, 51, 5)(68, 52, 3)(29, 54, 4)(1, 55, 9)(61, 55, 5)(65, 55, 3)(10, 58, 8)(74, 58, 9)(9, 59, 2)(45, 59, 7)(46, 61, 6)(72, 61, 10)(11, 62, 6)(43, 62, 5)(14, 63, 8)(32, 63, 9)(50, 64, 2)(53, 64, 9)(70, 64, 4)(13, 66, 3)(88, 67, 10)(64, 70, 6)(25, 71, 8)(19, 72, 3)(49, 72, 8)(33, 73, 2)(38, 73, 2)(4, 75, 5)(22, 75, 8)(89, 76, 4)(99, 76, 4)(60, 77, 7)(82, 77, 9)(7, 79, 2)(26, 80, 9)(93, 80, 8)
Queue1 : (24, 32, 1) (37, 36, 8)
Queue2 : (27, 37, 4) (2, 38, 3)
Queue3 : (20, 35, 6) (96, 36, 7)
Queue4 :closed


Time: 39
Waiting clients: (90, 41, 8)(100, 41, 5)(36, 42, 9)(47, 42, 6)(55, 43, 6)(71, 43, 8)(21, 44, 3)(30, 44, 6)(39, 44, 3)(58, 44, 9)(77, 44, 6)(40, 47, 7)(48, 48, 5)(78, 48, 9)(16, 49, 3)(34, 50, 8)(51, 50, 10)(56, 50, 2)(79, 51, 5)(68, 52, 3)(29, 54, 4)(1, 55, 9)(61, 55, 5)(65, 55, 3)(10, 58, 8)(74, 58, 9)(9, 59, 2)(45, 59, 7)(46, 61, 6)(72, 61, 10)(11, 62, 6)(43, 62, 5)(14, 63, 8)(32, 63, 9)(50, 64, 2)(53, 64, 9)(70, 64, 4)(13, 66, 3)(88, 67, 10)(64, 70, 6)(25, 71, 8)(19, 72, 3)(49, 72, 8)(33, 73, 2)(38, 73, 2)(4, 75, 5)(22, 75, 8)(89, 76, 4)(99, 76, 4)(60, 77, 7)(82, 77, 9)(7, 79, 2)(26, 80, 9)(93, 80, 8)
Queue1 : (37, 36, 8)
Queue2 : (27, 37, 3) (2, 38, 3)
Queue3 : (96, 36, 7)
Queue4 :closed


Time: 40
Waiting clients: (90, 41, 8)(100, 41, 5)(36, 42, 9)(47, 42, 6)(55, 43, 6)(71, 43, 8)(21, 44, 3)(30, 44, 6)(39, 44, 3)(58, 44, 9)(77, 44, 6)(40, 47, 7)(48, 48, 5)(78, 48, 9)(16, 49, 3)(34, 50, 8)(51, 50, 10)(56, 50, 2)(79, 51, 5)(68, 52, 3)(29, 54, 4)(1, 55, 9)(61, 55, 5)(65, 55, 3)(10, 58, 8)(74, 58, 9)(9, 59, 2)(45, 59, 7)(46, 61, 6)(72, 61, 10)(11, 62, 6)(43, 62, 5)(14, 63, 8)(32, 63, 9)(50, 64, 2)(53, 64, 9)(70, 64, 4)(13, 66, 3)(88, 67, 10)(64, 70, 6)(25, 71, 8)(19, 72, 3)(49, 72, 8)(33, 73, 2)(38, 73, 2)(4, 75, 5)(22, 75, 8)(89, 76, 4)(99, 76, 4)(60, 77, 7)(82, 77, 9)(7, 79, 2)(26, 80, 9)(93, 80, 8)
Queue1 : (37, 36, 7)
Queue2 : (27, 37, 2) (2, 38, 3)
Queue3 : (96, 36, 6)
Queue4 :closed


Time: 41
Waiting clients: (36, 42, 9)(47, 42, 6)(55, 43, 6)(71, 43, 8)(21, 44, 3)(30, 44, 6)(39, 44, 3)(58, 44, 9)(77, 44, 6)(40, 47, 7)(48, 48, 5)(78, 48, 9)(16, 49, 3)(34, 50, 8)(51, 50, 10)(56, 50, 2)(79, 51, 5)(68, 52, 3)(29, 54, 4)(1, 55, 9)(61, 55, 5)(65, 55, 3)(10, 58, 8)(74, 58, 9)(9, 59, 2)(45, 59, 7)(46, 61, 6)(72, 61, 10)(11, 62, 6)(43, 62, 5)(14, 63, 8)(32, 63, 9)(50, 64, 2)(53, 64, 9)(70, 64, 4)(13, 66, 3)(88, 67, 10)(64, 70, 6)(25, 71, 8)(19, 72, 3)(49, 72, 8)(33, 73, 2)(38, 73, 2)(4, 75, 5)(22, 75, 8)(89, 76, 4)(99, 76, 4)(60, 77, 7)(82, 77, 9)(7, 79, 2)(26, 80, 9)(93, 80, 8)
Queue1 : (37, 36, 6) (90, 41, 8)
Queue2 : (27, 37, 1) (2, 38, 3)
Queue3 : (96, 36, 5) (100, 41, 5)
Queue4 :closed


Time: 42
Waiting clients: (55, 43, 6)(71, 43, 8)(21, 44, 3)(30, 44, 6)(39, 44, 3)(58, 44, 9)(77, 44, 6)(40, 47, 7)(48, 48, 5)(78, 48, 9)(16, 49, 3)(34, 50, 8)(51, 50, 10)(56, 50, 2)(79, 51, 5)(68, 52, 3)(29, 54, 4)(1, 55, 9)(61, 55, 5)(65, 55, 3)(10, 58, 8)(74, 58, 9)(9, 59, 2)(45, 59, 7)(46, 61, 6)(72, 61, 10)(11, 62, 6)(43, 62, 5)(14, 63, 8)(32, 63, 9)(50, 64, 2)(53, 64, 9)(70, 64, 4)(13, 66, 3)(88, 67, 10)(64, 70, 6)(25, 71, 8)(19, 72, 3)(49, 72, 8)(33, 73, 2)(38, 73, 2)(4, 75, 5)(22, 75, 8)(89, 76, 4)(99, 76, 4)(60, 77, 7)(82, 77, 9)(7, 79, 2)(26, 80, 9)(93, 80, 8)
Queue1 : (37, 36, 5) (90, 41, 8)
Queue2 : (2, 38, 3) (36, 42, 9)
Queue3 : (96, 36, 4) (100, 41, 5)
Queue4 : (47, 42, 6)


Time: 43
Waiting clients: (21, 44, 3)(30, 44, 6)(39, 44, 3)(58, 44, 9)(77, 44, 6)(40, 47, 7)(48, 48, 5)(78, 48, 9)(16, 49, 3)(34, 50, 8)(51, 50, 10)(56, 50, 2)(79, 51, 5)(68, 52, 3)(29, 54, 4)(1, 55, 9)(61, 55, 5)(65, 55, 3)(10, 58, 8)(74, 58, 9)(9, 59, 2)(45, 59, 7)(46, 61, 6)(72, 61, 10)(11, 62, 6)(43, 62, 5)(14, 63, 8)(32, 63, 9)(50, 64, 2)(53, 64, 9)(70, 64, 4)(13, 66, 3)(88, 67, 10)(64, 70, 6)(25, 71, 8)(19, 72, 3)(49, 72, 8)(33, 73, 2)(38, 73, 2)(4, 75, 5)(22, 75, 8)(89, 76, 4)(99, 76, 4)(60, 77, 7)(82, 77, 9)(7, 79, 2)(26, 80, 9)(93, 80, 8)
Queue1 : (90, 41, 8) (55, 43, 6)
Queue2 : (2, 38, 2) (36, 42, 9)
Queue3 : (96, 36, 3) (100, 41, 5)
Queue4 : (71, 43, 8)


Time: 44
Waiting clients: (40, 47, 7)(48, 48, 5)(78, 48, 9)(16, 49, 3)(34, 50, 8)(51, 50, 10)(56, 50, 2)(79, 51, 5)(68, 52, 3)(29, 54, 4)(1, 55, 9)(61, 55, 5)(65, 55, 3)(10, 58, 8)(74, 58, 9)(9, 59, 2)(45, 59, 7)(46, 61, 6)(72, 61, 10)(11, 62, 6)(43, 62, 5)(14, 63, 8)(32, 63, 9)(50, 64, 2)(53, 64, 9)(70, 64, 4)(13, 66, 3)(88, 67, 10)(64, 70, 6)(25, 71, 8)(19, 72, 3)(49, 72, 8)(33, 73, 2)(38, 73, 2)(4, 75, 5)(22, 75, 8)(89, 76, 4)(99, 76, 4)(60, 77, 7)(82, 77, 9)(7, 79, 2)(26, 80, 9)(93, 80, 8)
Queue1 : (90, 41, 7) (55, 43, 6) (39, 44, 3)
Queue2 : (2, 38, 1) (36, 42, 9) (58, 44, 9)
Queue3 : (100, 41, 5) (21, 44, 3) (77, 44, 6)
Queue4 : (71, 43, 7) (30, 44, 6)


Time: 45
Waiting clients: (40, 47, 7)(48, 48, 5)(78, 48, 9)(16, 49, 3)(34, 50, 8)(51, 50, 10)(56, 50, 2)(79, 51, 5)(68, 52, 3)(29, 54, 4)(1, 55, 9)(61, 55, 5)(65, 55, 3)(10, 58, 8)(74, 58, 9)(9, 59, 2)(45, 59, 7)(46, 61, 6)(72, 61, 10)(11, 62, 6)(43, 62, 5)(14, 63, 8)(32, 63, 9)(50, 64, 2)(53, 64, 9)(70, 64, 4)(13, 66, 3)(88, 67, 10)(64, 70, 6)(25, 71, 8)(19, 72, 3)(49, 72, 8)(33, 73, 2)(38, 73, 2)(4, 75, 5)(22, 75, 8)(89, 76, 4)(99, 76, 4)(60, 77, 7)(82, 77, 9)(7, 79, 2)(26, 80, 9)(93, 80, 8)
Queue1 : (90, 41, 6) (55, 43, 6) (39, 44, 3)
Queue2 : (36, 42, 9) (58, 44, 9)
Queue3 : (100, 41, 4) (21, 44, 3) (77, 44, 6)
Queue4 : (71, 43, 6) (30, 44, 6)


Time: 46
Waiting clients: (40, 47, 7)(48, 48, 5)(78, 48, 9)(16, 49, 3)(34, 50, 8)(51, 50, 10)(56, 50, 2)(79, 51, 5)(68, 52, 3)(29, 54, 4)(1, 55, 9)(61, 55, 5)(65, 55, 3)(10, 58, 8)(74, 58, 9)(9, 59, 2)(45, 59, 7)(46, 61, 6)(72, 61, 10)(11, 62, 6)(43, 62, 5)(14, 63, 8)(32, 63, 9)(50, 64, 2)(53, 64, 9)(70, 64, 4)(13, 66, 3)(88, 67, 10)(64, 70, 6)(25, 71, 8)(19, 72, 3)(49, 72, 8)(33, 73, 2)(38, 73, 2)(4, 75, 5)(22, 75, 8)(89, 76, 4)(99, 76, 4)(60, 77, 7)(82, 77, 9)(7, 79, 2)(26, 80, 9)(93, 80, 8)
Queue1 : (90, 41, 5) (55, 43, 6) (39, 44, 3)
Queue2 : (58, 44, 9)
Queue3 : (21, 44, 3) (77, 44, 6)
Queue4 : (71, 43, 5) (30, 44, 6)


Time: 47
Waiting clients: (48, 48, 5)(78, 48, 9)(16, 49, 3)(34, 50, 8)(51, 50, 10)(56, 50, 2)(79, 51, 5)(68, 52, 3)(29, 54, 4)(1, 55, 9)(61, 55, 5)(65, 55, 3)(10, 58, 8)(74, 58, 9)(9, 59, 2)(45, 59, 7)(46, 61, 6)(72, 61, 10)(11, 62, 6)(43, 62, 5)(14, 63, 8)(32, 63, 9)(50, 64, 2)(53, 64, 9)(70, 64, 4)(13, 66, 3)(88, 67, 10)(64, 70, 6)(25, 71, 8)(19, 72, 3)(49, 72, 8)(33, 73, 2)(38, 73, 2)(4, 75, 5)(22, 75, 8)(89, 76, 4)(99, 76, 4)(60, 77, 7)(82, 77, 9)(7, 79, 2)(26, 80, 9)(93, 80, 8)
Queue1 : (55, 43, 6) (39, 44, 3)
Queue2 : (58, 44, 8) (40, 47, 7)
Queue3 : (21, 44, 2) (77, 44, 6)
Queue4 : (71, 43, 4) (30, 44, 6)


Time: 48
Waiting clients: (16, 49, 3)(34, 50, 8)(51, 50, 10)(56, 50, 2)(79, 51, 5)(68, 52, 3)(29, 54, 4)(1, 55, 9)(61, 55, 5)(65, 55, 3)(10, 58, 8)(74, 58, 9)(9, 59, 2)(45, 59, 7)(46, 61, 6)(72, 61, 10)(11, 62, 6)(43, 62, 5)(14, 63, 8)(32, 63, 9)(50, 64, 2)(53, 64, 9)(70, 64, 4)(13, 66, 3)(88, 67, 10)(64, 70, 6)(25, 71, 8)(19, 72, 3)(49, 72, 8)(33, 73, 2)(38, 73, 2)(4, 75, 5)(22, 75, 8)(89, 76, 4)(99, 76, 4)(60, 77, 7)(82, 77, 9)(7, 79, 2)(26, 80, 9)(93, 80, 8)
Queue1 : (55, 43, 5) (39, 44, 3) (78, 48, 9)
Queue2 : (58, 44, 7) (40, 47, 7)
Queue3 : (21, 44, 1) (77, 44, 6)
Queue4 : (30, 44, 6) (48, 48, 5)


Time: 49
Waiting clients: (34, 50, 8)(51, 50, 10)(56, 50, 2)(79, 51, 5)(68, 52, 3)(29, 54, 4)(1, 55, 9)(61, 55, 5)(65, 55, 3)(10, 58, 8)(74, 58, 9)(9, 59, 2)(45, 59, 7)(46, 61, 6)(72, 61, 10)(11, 62, 6)(43, 62, 5)(14, 63, 8)(32, 63, 9)(50, 64, 2)(53, 64, 9)(70, 64, 4)(13, 66, 3)(88, 67, 10)(64, 70, 6)(25, 71, 8)(19, 72, 3)(49, 72, 8)(33, 73, 2)(38, 73, 2)(4, 75, 5)(22, 75, 8)(89, 76, 4)(99, 76, 4)(60, 77, 7)(82, 77, 9)(7, 79, 2)(26, 80, 9)(93, 80, 8)
Queue1 : (55, 43, 4) (39, 44, 3) (78, 48, 9)
Queue2 : (58, 44, 6) (40, 47, 7)
Queue3 : (16, 49, 3)
Queue4 : (30, 44, 5) (48, 48, 5)


Time: 50
Waiting clients: (79, 51, 5)(68, 52, 3)(29, 54, 4)(1, 55, 9)(61, 55, 5)(65, 55, 3)(10, 58, 8)(74, 58, 9)(9, 59, 2)(45, 59, 7)(46, 61, 6)(72, 61, 10)(11, 62, 6)(43, 62, 5)(14, 63, 8)(32, 63, 9)(50, 64, 2)(53, 64, 9)(70, 64, 4)(13, 66, 3)(88, 67, 10)(64, 70, 6)(25, 71, 8)(19, 72, 3)(49, 72, 8)(33, 73, 2)(38, 73, 2)(4, 75, 5)(22, 75, 8)(89, 76, 4)(99, 76, 4)(60, 77, 7)(82, 77, 9)(7, 79, 2)(26, 80, 9)(93, 80, 8)
Queue1 : (55, 43, 3) (39, 44, 3) (78, 48, 9)
Queue2 : (58, 44, 5) (40, 47, 7) (51, 50, 10)
Queue3 : (16, 49, 2) (34, 50, 8) (56, 50, 2)
Queue4 : (30, 44, 4) (48, 48, 5)


Time: 51
Waiting clients: (68, 52, 3)(29, 54, 4)(1, 55, 9)(61, 55, 5)(65, 55, 3)(10, 58, 8)(74, 58, 9)(9, 59, 2)(45, 59, 7)(46, 61, 6)(72, 61, 10)(11, 62, 6)(43, 62, 5)(14, 63, 8)(32, 63, 9)(50, 64, 2)(53, 64, 9)(70, 64, 4)(13, 66, 3)(88, 67, 10)(64, 70, 6)(25, 71, 8)(19, 72, 3)(49, 72, 8)(33, 73, 2)(38, 73, 2)(4, 75, 5)(22, 75, 8)(89, 76, 4)(99, 76, 4)(60, 77, 7)(82, 77, 9)(7, 79, 2)(26, 80, 9)(93, 80, 8)
Queue1 : (39, 44, 3) (78, 48, 9)
Queue2 : (58, 44, 4) (40, 47, 7) (51, 50, 10)
Queue3 : (16, 49, 1) (34, 50, 8) (56, 50, 2)
Queue4 : (48, 48, 5) (79, 51, 5)


Time: 52
Waiting clients: (29, 54, 4)(1, 55, 9)(61, 55, 5)(65, 55, 3)(10, 58, 8)(74, 58, 9)(9, 59, 2)(45, 59, 7)(46, 61, 6)(72, 61, 10)(11, 62, 6)(43, 62, 5)(14, 63, 8)(32, 63, 9)(50, 64, 2)(53, 64, 9)(70, 64, 4)(13, 66, 3)(88, 67, 10)(64, 70, 6)(25, 71, 8)(19, 72, 3)(49, 72, 8)(33, 73, 2)(38, 73, 2)(4, 75, 5)(22, 75, 8)(89, 76, 4)(99, 76, 4)(60, 77, 7)(82, 77, 9)(7, 79, 2)(26, 80, 9)(93, 80, 8)
Queue1 : (39, 44, 2) (78, 48, 9) (68, 52, 3)
Queue2 : (58, 44, 3) (40, 47, 7) (51, 50, 10)
Queue3 : (34, 50, 8) (56, 50, 2)
Queue4 : (48, 48, 4) (79, 51, 5)


Time: 53
Waiting clients: (29, 54, 4)(1, 55, 9)(61, 55, 5)(65, 55, 3)(10, 58, 8)(74, 58, 9)(9, 59, 2)(45, 59, 7)(46, 61, 6)(72, 61, 10)(11, 62, 6)(43, 62, 5)(14, 63, 8)(32, 63, 9)(50, 64, 2)(53, 64, 9)(70, 64, 4)(13, 66, 3)(88, 67, 10)(64, 70, 6)(25, 71, 8)(19, 72, 3)(49, 72, 8)(33, 73, 2)(38, 73, 2)(4, 75, 5)(22, 75, 8)(89, 76, 4)(99, 76, 4)(60, 77, 7)(82, 77, 9)(7, 79, 2)(26, 80, 9)(93, 80, 8)
Queue1 : (78, 48, 9) (68, 52, 3)
Queue2 : (58, 44, 2) (40, 47, 7) (51, 50, 10)
Queue3 : (34, 50, 7) (56, 50, 2)
Queue4 : (48, 48, 3) (79, 51, 5)


Time: 54
Waiting clients: (1, 55, 9)(61, 55, 5)(65, 55, 3)(10, 58, 8)(74, 58, 9)(9, 59, 2)(45, 59, 7)(46, 61, 6)(72, 61, 10)(11, 62, 6)(43, 62, 5)(14, 63, 8)(32, 63, 9)(50, 64, 2)(53, 64, 9)(70, 64, 4)(13, 66, 3)(88, 67, 10)(64, 70, 6)(25, 71, 8)(19, 72, 3)(49, 72, 8)(33, 73, 2)(38, 73, 2)(4, 75, 5)(22, 75, 8)(89, 76, 4)(99, 76, 4)(60, 77, 7)(82, 77, 9)(7, 79, 2)(26, 80, 9)(93, 80, 8)
Queue1 : (68, 52, 3) (29, 54, 4)
Queue2 : (40, 47, 7) (51, 50, 10)
Queue3 : (34, 50, 6) (56, 50, 2)
Queue4 : (79, 51, 5)


Time: 55
Waiting clients: (10, 58, 8)(74, 58, 9)(9, 59, 2)(45, 59, 7)(46, 61, 6)(72, 61, 10)(11, 62, 6)(43, 62, 5)(14, 63, 8)(32, 63, 9)(50, 64, 2)(53, 64, 9)(70, 64, 4)(13, 66, 3)(88, 67, 10)(64, 70, 6)(25, 71, 8)(19, 72, 3)(49, 72, 8)(33, 73, 2)(38, 73, 2)(4, 75, 5)(22, 75, 8)(89, 76, 4)(99, 76, 4)(60, 77, 7)(82, 77, 9)(7, 79, 2)(26, 80, 9)(93, 80, 8)
Queue1 : (68, 52, 2) (29, 54, 4)
Queue2 : (51, 50, 10) (1, 55, 9)
Queue3 : (56, 50, 2) (61, 55, 5)
Queue4 : (79, 51, 4) (65, 55, 3)


Time: 56
Waiting clients: (10, 58, 8)(74, 58, 9)(9, 59, 2)(45, 59, 7)(46, 61, 6)(72, 61, 10)(11, 62, 6)(43, 62, 5)(14, 63, 8)(32, 63, 9)(50, 64, 2)(53, 64, 9)(70, 64, 4)(13, 66, 3)(88, 67, 10)(64, 70, 6)(25, 71, 8)(19, 72, 3)(49, 72, 8)(33, 73, 2)(38, 73, 2)(4, 75, 5)(22, 75, 8)(89, 76, 4)(99, 76, 4)(60, 77, 7)(82, 77, 9)(7, 79, 2)(26, 80, 9)(93, 80, 8)
Queue1 : (68, 52, 1) (29, 54, 4)
Queue2 : (51, 50, 9) (1, 55, 9)
Queue3 : (56, 50, 1) (61, 55, 5)
Queue4 : (65, 55, 3)


Time: 57
Waiting clients: (10, 58, 8)(74, 58, 9)(9, 59, 2)(45, 59, 7)(46, 61, 6)(72, 61, 10)(11, 62, 6)(43, 62, 5)(14, 63, 8)(32, 63, 9)(50, 64, 2)(53, 64, 9)(70, 64, 4)(13, 66, 3)(88, 67, 10)(64, 70, 6)(25, 71, 8)(19, 72, 3)(49, 72, 8)(33, 73, 2)(38, 73, 2)(4, 75, 5)(22, 75, 8)(89, 76, 4)(99, 76, 4)(60, 77, 7)(82, 77, 9)(7, 79, 2)(26, 80, 9)(93, 80, 8)
Queue1 : (29, 54, 4)
Queue2 : (51, 50, 8) (1, 55, 9)
Queue3 : (61, 55, 5)
Queue4 : (65, 55, 2)


Time: 58
Waiting clients: (9, 59, 2)(45, 59, 7)(46, 61, 6)(72, 61, 10)(11, 62, 6)(43, 62, 5)(14, 63, 8)(32, 63, 9)(50, 64, 2)(53, 64, 9)(70, 64, 4)(13, 66, 3)(88, 67, 10)(64, 70, 6)(25, 71, 8)(19, 72, 3)(49, 72, 8)(33, 73, 2)(38, 73, 2)(4, 75, 5)(22, 75, 8)(89, 76, 4)(99, 76, 4)(60, 77, 7)(82, 77, 9)(7, 79, 2)(26, 80, 9)(93, 80, 8)
Queue1 : (29, 54, 3) (10, 58, 8)
Queue2 : (51, 50, 7) (1, 55, 9)
Queue3 : (61, 55, 4) (74, 58, 9)
Queue4 : (65, 55, 1)


Time: 59
Waiting clients: (46, 61, 6)(72, 61, 10)(11, 62, 6)(43, 62, 5)(14, 63, 8)(32, 63, 9)(50, 64, 2)(53, 64, 9)(70, 64, 4)(13, 66, 3)(88, 67, 10)(64, 70, 6)(25, 71, 8)(19, 72, 3)(49, 72, 8)(33, 73, 2)(38, 73, 2)(4, 75, 5)(22, 75, 8)(89, 76, 4)(99, 76, 4)(60, 77, 7)(82, 77, 9)(7, 79, 2)(26, 80, 9)(93, 80, 8)
Queue1 : (29, 54, 2) (10, 58, 8) (45, 59, 7)
Queue2 : (51, 50, 6) (1, 55, 9)
Queue3 : (61, 55, 3) (74, 58, 9)
Queue4 : (9, 59, 2)


Time: 60
Waiting clients: (46, 61, 6)(72, 61, 10)(11, 62, 6)(43, 62, 5)(14, 63, 8)(32, 63, 9)(50, 64, 2)(53, 64, 9)(70, 64, 4)(13, 66, 3)(88, 67, 10)(64, 70, 6)(25, 71, 8)(19, 72, 3)(49, 72, 8)(33, 73, 2)(38, 73, 2)(4, 75, 5)(22, 75, 8)(89, 76, 4)(99, 76, 4)(60, 77, 7)(82, 77, 9)(7, 79, 2)(26, 80, 9)(93, 80, 8)
Queue1 : (29, 54, 1) (10, 58, 8) (45, 59, 7)
Queue2 : (51, 50, 5) (1, 55, 9)
Queue3 : (74, 58, 9)
Queue4 : (9, 59, 1)


Time: 61
Waiting clients: (11, 62, 6)(43, 62, 5)(14, 63, 8)(32, 63, 9)(50, 64, 2)(53, 64, 9)(70, 64, 4)(13, 66, 3)(88, 67, 10)(64, 70, 6)(25, 71, 8)(19, 72, 3)(49, 72, 8)(33, 73, 2)(38, 73, 2)(4, 75, 5)(22, 75, 8)(89, 76, 4)(99, 76, 4)(60, 77, 7)(82, 77, 9)(7, 79, 2)(26, 80, 9)(93, 80, 8)
Queue1 : (10, 58, 8) (45, 59, 7)
Queue2 : (1, 55, 9) (46, 61, 6)
Queue3 : (74, 58, 8) (72, 61, 10)
Queue4 :closed


Time: 62
Waiting clients: (14, 63, 8)(32, 63, 9)(50, 64, 2)(53, 64, 9)(70, 64, 4)(13, 66, 3)(88, 67, 10)(64, 70, 6)(25, 71, 8)(19, 72, 3)(49, 72, 8)(33, 73, 2)(38, 73, 2)(4, 75, 5)(22, 75, 8)(89, 76, 4)(99, 76, 4)(60, 77, 7)(82, 77, 9)(7, 79, 2)(26, 80, 9)(93, 80, 8)
Queue1 : (45, 59, 7) (11, 62, 6)
Queue2 : (1, 55, 8) (46, 61, 6)
Queue3 : (72, 61, 10) (43, 62, 5)
Queue4 :closed


Time: 63
Waiting clients: (50, 64, 2)(53, 64, 9)(70, 64, 4)(13, 66, 3)(88, 67, 10)(64, 70, 6)(25, 71, 8)(19, 72, 3)(49, 72, 8)(33, 73, 2)(38, 73, 2)(4, 75, 5)(22, 75, 8)(89, 76, 4)(99, 76, 4)(60, 77, 7)(82, 77, 9)(7, 79, 2)(26, 80, 9)(93, 80, 8)
Queue1 : (45, 59, 6) (11, 62, 6) (32, 63, 9)
Queue2 : (1, 55, 7) (46, 61, 6)
Queue3 : (72, 61, 9) (43, 62, 5)
Queue4 : (14, 63, 8)


Time: 64
Waiting clients: (13, 66, 3)(88, 67, 10)(64, 70, 6)(25, 71, 8)(19, 72, 3)(49, 72, 8)(33, 73, 2)(38, 73, 2)(4, 75, 5)(22, 75, 8)(89, 76, 4)(99, 76, 4)(60, 77, 7)(82, 77, 9)(7, 79, 2)(26, 80, 9)(93, 80, 8)
Queue1 : (45, 59, 5) (11, 62, 6) (32, 63, 9)
Queue2 : (1, 55, 6) (46, 61, 6) (53, 64, 9)
Queue3 : (72, 61, 8) (43, 62, 5) (70, 64, 4)
Queue4 : (50, 64, 2)


Time: 65
Waiting clients: (13, 66, 3)(88, 67, 10)(64, 70, 6)(25, 71, 8)(19, 72, 3)(49, 72, 8)(33, 73, 2)(38, 73, 2)(4, 75, 5)(22, 75, 8)(89, 76, 4)(99, 76, 4)(60, 77, 7)(82, 77, 9)(7, 79, 2)(26, 80, 9)(93, 80, 8)
Queue1 : (45, 59, 4) (11, 62, 6) (32, 63, 9)
Queue2 : (46, 61, 6) (53, 64, 9)
Queue3 : (72, 61, 7) (43, 62, 5) (70, 64, 4)
Queue4 : (50, 64, 1)


Time: 66
Waiting clients: (88, 67, 10)(64, 70, 6)(25, 71, 8)(19, 72, 3)(49, 72, 8)(33, 73, 2)(38, 73, 2)(4, 75, 5)(22, 75, 8)(89, 76, 4)(99, 76, 4)(60, 77, 7)(82, 77, 9)(7, 79, 2)(26, 80, 9)(93, 80, 8)
Queue1 : (45, 59, 3) (11, 62, 6) (32, 63, 9)
Queue2 : (46, 61, 5) (53, 64, 9)
Queue3 : (72, 61, 6) (43, 62, 5) (70, 64, 4)
Queue4 : (13, 66, 3)


Time: 67
Waiting clients: (64, 70, 6)(25, 71, 8)(19, 72, 3)(49, 72, 8)(33, 73, 2)(38, 73, 2)(4, 75, 5)(22, 75, 8)(89, 76, 4)(99, 76, 4)(60, 77, 7)(82, 77, 9)(7, 79, 2)(26, 80, 9)(93, 80, 8)
Queue1 : (45, 59, 2) (11, 62, 6) (32, 63, 9)
Queue2 : (46, 61, 4) (53, 64, 9)
Queue3 : (72, 61, 5) (43, 62, 5) (70, 64, 4)
Queue4 : (13, 66, 2) (88, 67, 10)


Time: 68
Waiting clients: (64, 70, 6)(25, 71, 8)(19, 72, 3)(49, 72, 8)(33, 73, 2)(38, 73, 2)(4, 75, 5)(22, 75, 8)(89, 76, 4)(99, 76, 4)(60, 77, 7)(82, 77, 9)(7, 79, 2)(26, 80, 9)(93, 80, 8)
Queue1 : (45, 59, 1) (11, 62, 6) (32, 63, 9)
Queue2 : (46, 61, 3) (53, 64, 9)
Queue3 : (72, 61, 4) (43, 62, 5) (70, 64, 4)
Queue4 : (13, 66, 1) (88, 67, 10)


Time: 69
Waiting clients: (64, 70, 6)(25, 71, 8)(19, 72, 3)(49, 72, 8)(33, 73, 2)(38, 73, 2)(4, 75, 5)(22, 75, 8)(89, 76, 4)(99, 76, 4)(60, 77, 7)(82, 77, 9)(7, 79, 2)(26, 80, 9)(93, 80, 8)
Queue1 : (32, 63, 9)
Queue2 : (46, 61, 2) (53, 64, 9)
Queue3 : (43, 62, 5) (70, 64, 4)
Queue4 : (88, 67, 10)


Time: 70
Waiting clients: (25, 71, 8)(19, 72, 3)(49, 72, 8)(33, 73, 2)(38, 73, 2)(4, 75, 5)(22, 75, 8)(89, 76, 4)(99, 76, 4)(60, 77, 7)(82, 77, 9)(7, 79, 2)(26, 80, 9)(93, 80, 8)
Queue1 : (32, 63, 8) (64, 70, 6)
Queue2 : (53, 64, 9)
Queue3 : (43, 62, 4) (70, 64, 4)
Queue4 : (88, 67, 9)


Time: 71
Waiting clients: (19, 72, 3)(49, 72, 8)(33, 73, 2)(38, 73, 2)(4, 75, 5)(22, 75, 8)(89, 76, 4)(99, 76, 4)(60, 77, 7)(82, 77, 9)(7, 79, 2)(26, 80, 9)(93, 80, 8)
Queue1 : (32, 63, 7) (64, 70, 6)
Queue2 : (25, 71, 8)
Queue3 : (43, 62, 3) (70, 64, 4)
Queue4 :closed


Time: 72
Waiting clients: (33, 73, 2)(38, 73, 2)(4, 75, 5)(22, 75, 8)(89, 76, 4)(99, 76, 4)(60, 77, 7)(82, 77, 9)(7, 79, 2)(26, 80, 9)(93, 80, 8)
Queue1 : (32, 63, 6) (64, 70, 6)
Queue2 : (25, 71, 7) (19, 72, 3)
Queue3 : (70, 64, 4) (49, 72, 8)
Queue4 :closed


Time: 73
Waiting clients: (4, 75, 5)(22, 75, 8)(89, 76, 4)(99, 76, 4)(60, 77, 7)(82, 77, 9)(7, 79, 2)(26, 80, 9)(93, 80, 8)
Queue1 : (32, 63, 5) (64, 70, 6) (38, 73, 2)
Queue2 : (25, 71, 6) (19, 72, 3)
Queue3 : (70, 64, 3) (49, 72, 8)
Queue4 : (33, 73, 2)


Time: 74
Waiting clients: (4, 75, 5)(22, 75, 8)(89, 76, 4)(99, 76, 4)(60, 77, 7)(82, 77, 9)(7, 79, 2)(26, 80, 9)(93, 80, 8)
Queue1 : (32, 63, 4) (64, 70, 6) (38, 73, 2)
Queue2 : (25, 71, 5) (19, 72, 3)
Queue3 : (49, 72, 8)
Queue4 : (33, 73, 1)


Time: 75
Waiting clients: (89, 76, 4)(99, 76, 4)(60, 77, 7)(82, 77, 9)(7, 79, 2)(26, 80, 9)(93, 80, 8)
Queue1 : (64, 70, 6) (38, 73, 2)
Queue2 : (25, 71, 4) (19, 72, 3)
Queue3 : (49, 72, 7) (4, 75, 5)
Queue4 : (22, 75, 8)


Time: 76
Waiting clients: (60, 77, 7)(82, 77, 9)(7, 79, 2)(26, 80, 9)(93, 80, 8)
Queue1 : (64, 70, 5) (38, 73, 2)
Queue2 : (25, 71, 3) (19, 72, 3)
Queue3 : (4, 75, 5) (89, 76, 4)
Queue4 : (22, 75, 7) (99, 76, 4)


Time: 77
Waiting clients: (7, 79, 2)(26, 80, 9)(93, 80, 8)
Queue1 : (64, 70, 4) (38, 73, 2) (60, 77, 7)
Queue2 : (25, 71, 2) (19, 72, 3) (82, 77, 9)
Queue3 : (4, 75, 4) (89, 76, 4)
Queue4 : (22, 75, 6) (99, 76, 4)


Time: 78
Waiting clients: (7, 79, 2)(26, 80, 9)(93, 80, 8)
Queue1 : (38, 73, 2) (60, 77, 7)
Queue2 : (25, 71, 1) (19, 72, 3) (82, 77, 9)
Queue3 : (4, 75, 3) (89, 76, 4)
Queue4 : (22, 75, 5) (99, 76, 4)


Time: 79
Waiting clients: (26, 80, 9)(93, 80, 8)
Queue1 : (38, 73, 1) (60, 77, 7)
Queue2 : (82, 77, 9) (7, 79, 2)
Queue3 : (4, 75, 2) (89, 76, 4)
Queue4 : (99, 76, 4)


Time: 80
Waiting clients:
Queue1 : (60, 77, 7) (26, 80, 9)
Queue2 : (82, 77, 8) (7, 79, 2)
Queue3 : (4, 75, 1) (89, 76, 4)
Queue4 : (99, 76, 3) (93, 80, 8)


Time: 81
Waiting clients:
Queue1 : (26, 80, 9)
Queue2 : (82, 77, 7) (7, 79, 2)
Queue3 : (89, 76, 4)
Queue4 : (99, 76, 2) (93, 80, 8)


Time: 82
Waiting clients:
Queue1 : (26, 80, 8)
Queue2 : (7, 79, 2)
Queue3 :closed
Queue4 : (99, 76, 1) (93, 80, 8)


Time: 83
Waiting clients:
Queue1 : (26, 80, 7)
Queue2 : (7, 79, 1)
Queue3 :closed
Queue4 :closed


Time: 84
Waiting clients:
Queue1 : (26, 80, 6)
Queue2 :closed
Queue3 :closed
Queue4 :closed


Time: 85
Waiting clients:
Queue1 : (26, 80, 5)
Queue2 :closed
Queue3 :closed
Queue4 :closed


Time: 86
Waiting clients:
Queue1 : (26, 80, 4)
Queue2 :closed
Queue3 :closed
Queue4 :closed


Time: 87
Waiting clients:
Queue1 :closed
Queue2 :closed
Queue3 :closed
Queue4 :closed


Time: 88
Waiting clients:
Queue1 :closed
Queue2 :closed
Queue3 :closed
Queue4 :closed


Time: 89
Waiting clients:
Queue1 :closed
Queue2 :closed
Queue3 :closed
Queue4 :closed


Time: 90
Waiting clients:
Queue1 :closed
Queue2 :closed
Queue3 :closed
Queue4 :closed


Time: 91
Waiting clients:
Queue1 :closed
Queue2 :closed
Queue3 :closed
Queue4 :closed


Time: 92
Waiting clients:
Queue1 :closed
Queue2 :closed
Queue3 :closed
Queue4 :closed


Time: 93
Waiting clients:
Queue1 :closed
Queue2 :closed
Queue3 :closed
Queue4 :closed


Time: 94
Waiting clients:
Queue1 :closed
Queue2 :closed
Queue3 :closed
Queue4 :closed


Time: 95
Waiting clients:
Queue1 :closed
Queue2 :closed
Queue3 :closed
Queue4 :closed


Time: 96
Waiting clients:
Queue1 :closed
Queue2 :closed
Queue3 :closed
Queue4 :closed


Time: 97
Waiting clients:
Queue1 :closed
Queue2 :closed
Queue3 :closed
Queue4 :closed


Time: 98
Waiting clients:
Queue1 :closed
Queue2 :closed
Queue3 :closed
Queue4 :closed


Time: 99
Waiting clients:
Queue1 :closed
Queue2 :closed
Queue3 :closed
Queue4 :closed


