Time: 0
Waiting clients: (4, 2, 3)(8, 2, 2)(39, 2, 5)(3, 3, 5)(28, 3, 1)(42, 4, 4)(12, 8, 7)(1, 9, 6)(50, 9, 7)(5, 11, 5)(30, 12, 3)(48, 12, 6)(47, 13, 2)(16, 14, 4)(37, 14, 7)(33, 17, 6)(38, 17, 7)(2, 19, 2)(13, 20, 6)(41, 20, 6)(20, 22, 5)(24, 23, 7)(17, 24, 2)(44, 25, 2)(25, 26, 7)(31, 26, 3)(15, 28, 3)(35, 28, 6)(27, 29, 4)(10, 30, 6)(26, 31, 1)(22, 32, 7)(23, 32, 2)(32, 32, 2)(11, 33, 4)(18, 33, 1)(43, 33, 5)(29, 34, 5)(6, 36, 2)(14, 36, 1)(49, 36, 2)(9, 37, 4)(34, 37, 7)(45, 37, 3)(46, 37, 1)(21, 38, 3)(40, 38, 3)(19, 39, 7)(36, 39, 1)(7, 40, 1)
Queue1 :closed
Queue2 :closed
Queue3 :closed
Queue4 :closed
Queue5 :closed

Time: 1
Waiting clients: (4, 2, 3)(8, 2, 2)(39, 2, 5)(3, 3, 5)(28, 3, 1)(42, 4, 4)(12, 8, 7)(1, 9, 6)(50, 9, 7)(5, 11, 5)(30, 12, 3)(48, 12, 6)(47, 13, 2)(16, 14, 4)(37, 14, 7)(33, 17, 6)(38, 17, 7)(2, 19, 2)(13, 20, 6)(41, 20, 6)(20, 22, 5)(24, 23, 7)(17, 24, 2)(44, 25, 2)(25, 26, 7)(31, 26, 3)(15, 28, 3)(35, 28, 6)(27, 29, 4)(10, 30, 6)(26, 31, 1)(22, 32, 7)(23, 32, 2)(32, 32, 2)(11, 33, 4)(18, 33, 1)(43, 33, 5)(29, 34, 5)(6, 36, 2)(14, 36, 1)(49, 36, 2)(9, 37, 4)(34, 37, 7)(45, 37, 3)(46, 37, 1)(21, 38, 3)(40, 38, 3)(19, 39, 7)(36, 39, 1)(7, 40, 1)
Queue1 :closed
Queue2 :closed
Queue3 :closed
Queue4 :closed
Queue5 :closed

Time: 2
Waiting clients: (3, 3, 5)(28, 3, 1)(42, 4, 4)(12, 8, 7)(1, 9, 6)(50, 9, 7)(5, 11, 5)(30, 12, 3)(48, 12, 6)(47, 13, 2)(16, 14, 4)(37, 14, 7)(33, 17, 6)(38, 17, 7)(2, 19, 2)(13, 20, 6)(41, 20, 6)(20, 22, 5)(24, 23, 7)(17, 24, 2)(44, 25, 2)(25, 26, 7)(31, 26, 3)(15, 28, 3)(35, 28, 6)(27, 29, 4)(10, 30, 6)(26, 31, 1)(22, 32, 7)(23, 32, 2)(32, 32, 2)(11, 33, 4)(18, 33, 1)(43, 33, 5)(29, 34, 5)(6, 36, 2)(14, 36, 1)(49, 36, 2)(9, 37, 4)(34, 37, 7)(45, 37, 3)(46, 37, 1)(21, 38, 3)(40, 38, 3)(19, 39, 7)(36, 39, 1)(7, 40, 1)
Queue1 : (4, 2, 3)
Queue2 : (8, 2, 2)
Queue3 : (39, 2, 5)
Queue4 :closed
Queue5 :closed

Time: 3
Waiting clients: (42, 4, 4)(12, 8, 7)(1, 9, 6)(50, 9, 7)(5, 11, 5)(30, 12, 3)(48, 12, 6)(47, 13, 2)(16, 14, 4)(37, 14, 7)(33, 17, 6)(38, 17, 7)(2, 19, 2)(13, 20, 6)(41, 20, 6)(20, 22, 5)(24, 23, 7)(17, 24, 2)(44, 25, 2)(25, 26, 7)(31, 26, 3)(15, 28, 3)(35, 28, 6)(27, 29, 4)(10, 30, 6)(26, 31, 1)(22, 32, 7)(23, 32, 2)(32, 32, 2)(11, 33, 4)(18, 33, 1)(43, 33, 5)(29, 34, 5)(6, 36, 2)(14, 36, 1)(49, 36, 2)(9, 37, 4)(34, 37, 7)(45, 37, 3)(46, 37, 1)(21, 38, 3)(40, 38, 3)(19, 39, 7)(36, 39, 1)(7, 40, 1)
Queue1 : (4, 2, 2)
Queue2 : (8, 2, 1)
Queue3 : (39, 2, 4)
Queue4 : (3, 3, 5)
Queue5 : (28, 3, 1)

Time: 4
Waiting clients: (12, 8, 7)(1, 9, 6)(50, 9, 7)(5, 11, 5)(30, 12, 3)(48, 12, 6)(47, 13, 2)(16, 14, 4)(37, 14, 7)(33, 17, 6)(38, 17, 7)(2, 19, 2)(13, 20, 6)(41, 20, 6)(20, 22, 5)(24, 23, 7)(17, 24, 2)(44, 25, 2)(25, 26, 7)(31, 26, 3)(15, 28, 3)(35, 28, 6)(27, 29, 4)(10, 30, 6)(26, 31, 1)(22, 32, 7)(23, 32, 2)(32, 32, 2)(11, 33, 4)(18, 33, 1)(43, 33, 5)(29, 34, 5)(6, 36, 2)(14, 36, 1)(49, 36, 2)(9, 37, 4)(34, 37, 7)(45, 37, 3)(46, 37, 1)(21, 38, 3)(40, 38, 3)(19, 39, 7)(36, 39, 1)(7, 40, 1)
Queue1 : (4, 2, 1)
Queue2 : (42, 4, 4)
Queue3 : (39, 2, 3)
Queue4 : (3, 3, 4)
Queue5 :closed

Time: 5
Waiting clients: (12, 8, 7)(1, 9, 6)(50, 9, 7)(5, 11, 5)(30, 12, 3)(48, 12, 6)(47, 13, 2)(16, 14, 4)(37, 14, 7)(33, 17, 6)(38, 17, 7)(2, 19, 2)(13, 20, 6)(41, 20, 6)(20, 22, 5)(24, 23, 7)(17, 24, 2)(44, 25, 2)(25, 26, 7)(31, 26, 3)(15, 28, 3)(35, 28, 6)(27, 29, 4)(10, 30, 6)(26, 31, 1)(22, 32, 7)(23, 32, 2)(32, 32, 2)(11, 33, 4)(18, 33, 1)(43, 33, 5)(29, 34, 5)(6, 36, 2)(14, 36, 1)(49, 36, 2)(9, 37, 4)(34, 37, 7)(45, 37, 3)(46, 37, 1)(21, 38, 3)(40, 38, 3)(19, 39, 7)(36, 39, 1)(7, 40, 1)
Queue1 :closed
Queue2 : (42, 4, 3)
Queue3 : (39, 2, 2)
Queue4 : (3, 3, 3)
Queue5 :closed

Time: 6
Waiting clients: (12, 8, 7)(1, 9, 6)(50, 9, 7)(5, 11, 5)(30, 12, 3)(48, 12, 6)(47, 13, 2)(16, 14, 4)(37, 14, 7)(33, 17, 6)(38, 17, 7)(2, 19, 2)(13, 20, 6)(41, 20, 6)(20, 22, 5)(24, 23, 7)(17, 24, 2)(44, 25, 2)(25, 26, 7)(31, 26, 3)(15, 28, 3)(35, 28, 6)(27, 29, 4)(10, 30, 6)(26, 31, 1)(22, 32, 7)(23, 32, 2)(32, 32, 2)(11, 33, 4)(18, 33, 1)(43, 33, 5)(29, 34, 5)(6, 36, 2)(14, 36, 1)(49, 36, 2)(9, 37, 4)(34, 37, 7)(45, 37, 3)(46, 37, 1)(21, 38, 3)(40, 38, 3)(19, 39, 7)(36, 39, 1)(7, 40, 1)
Queue1 :closed
Queue2 : (42, 4, 2)
Queue3 : (39, 2, 1)
Queue4 : (3, 3, 2)
Queue5 :closed

Time: 7
Waiting clients: (12, 8, 7)(1, 9, 6)(50, 9, 7)(5, 11, 5)(30, 12, 3)(48, 12, 6)(47, 13, 2)(16, 14, 4)(37, 14, 7)(33, 17, 6)(38, 17, 7)(2, 19, 2)(13, 20, 6)(41, 20, 6)(20, 22, 5)(24, 23, 7)(17, 24, 2)(44, 25, 2)(25, 26, 7)(31, 26, 3)(15, 28, 3)(35, 28, 6)(27, 29, 4)(10, 30, 6)(26, 31, 1)(22, 32, 7)(23, 32, 2)(32, 32, 2)(11, 33, 4)(18, 33, 1)(43, 33, 5)(29, 34, 5)(6, 36, 2)(14, 36, 1)(49, 36, 2)(9, 37, 4)(34, 37, 7)(45, 37, 3)(46, 37, 1)(21, 38, 3)(40, 38, 3)(19, 39, 7)(36, 39, 1)(7, 40, 1)
Queue1 :closed
Queue2 : (42, 4, 1)
Queue3 :closed
Queue4 : (3, 3, 1)
Queue5 :closed

Time: 8
Waiting clients: (1, 9, 6)(50, 9, 7)(5, 11, 5)(30, 12, 3)(48, 12, 6)(47, 13, 2)(16, 14, 4)(37, 14, 7)(33, 17, 6)(38, 17, 7)(2, 19, 2)(13, 20, 6)(41, 20, 6)(20, 22, 5)(24, 23, 7)(17, 24, 2)(44, 25, 2)(25, 26, 7)(31, 26, 3)(15, 28, 3)(35, 28, 6)(27, 29, 4)(10, 30, 6)(26, 31, 1)(22, 32, 7)(23, 32, 2)(32, 32, 2)(11, 33, 4)(18, 33, 1)(43, 33, 5)(29, 34, 5)(6, 36, 2)(14, 36, 1)(49, 36, 2)(9, 37, 4)(34, 37, 7)(45, 37, 3)(46, 37, 1)(21, 38, 3)(40, 38, 3)(19, 39, 7)(36, 39, 1)(7, 40, 1)
Queue1 : (12, 8, 7)
Queue2 :closed
Queue3 :closed
Queue4 :closed
Queue5 :closed

Time: 9
Waiting clients: (5, 11, 5)(30, 12, 3)(48, 12, 6)(47, 13, 2)(16, 14, 4)(37, 14, 7)(33, 17, 6)(38, 17, 7)(2, 19, 2)(13, 20, 6)(41, 20, 6)(20, 22, 5)(24, 23, 7)(17, 24, 2)(44, 25, 2)(25, 26, 7)(31, 26, 3)(15, 28, 3)(35, 28, 6)(27, 29, 4)(10, 30, 6)(26, 31, 1)(22, 32, 7)(23, 32, 2)(32, 32, 2)(11, 33, 4)(18, 33, 1)(43, 33, 5)(29, 34, 5)(6, 36, 2)(14, 36, 1)(49, 36, 2)(9, 37, 4)(34, 37, 7)(45, 37, 3)(46, 37, 1)(21, 38, 3)(40, 38, 3)(19, 39, 7)(36, 39, 1)(7, 40, 1)
Queue1 : (12, 8, 6)
Queue2 : (1, 9, 6)
Queue3 : (50, 9, 7)
Queue4 :closed
Queue5 :closed

Time: 10
Waiting clients: (5, 11, 5)(30, 12, 3)(48, 12, 6)(47, 13, 2)(16, 14, 4)(37, 14, 7)(33, 17, 6)(38, 17, 7)(2, 19, 2)(13, 20, 6)(41, 20, 6)(20, 22, 5)(24, 23, 7)(17, 24, 2)(44, 25, 2)(25, 26, 7)(31, 26, 3)(15, 28, 3)(35, 28, 6)(27, 29, 4)(10, 30, 6)(26, 31, 1)(22, 32, 7)(23, 32, 2)(32, 32, 2)(11, 33, 4)(18, 33, 1)(43, 33, 5)(29, 34, 5)(6, 36, 2)(14, 36, 1)(49, 36, 2)(9, 37, 4)(34, 37, 7)(45, 37, 3)(46, 37, 1)(21, 38, 3)(40, 38, 3)(19, 39, 7)(36, 39, 1)(7, 40, 1)
Queue1 : (12, 8, 5)
Queue2 : (1, 9, 5)
Queue3 : (50, 9, 6)
Queue4 :closed
Queue5 :closed

Time: 11
Waiting clients: (30, 12, 3)(48, 12, 6)(47, 13, 2)(16, 14, 4)(37, 14, 7)(33, 17, 6)(38, 17, 7)(2, 19, 2)(13, 20, 6)(41, 20, 6)(20, 22, 5)(24, 23, 7)(17, 24, 2)(44, 25, 2)(25, 26, 7)(31, 26, 3)(15, 28, 3)(35, 28, 6)(27, 29, 4)(10, 30, 6)(26, 31, 1)(22, 32, 7)(23, 32, 2)(32, 32, 2)(11, 33, 4)(18, 33, 1)(43, 33, 5)(29, 34, 5)(6, 36, 2)(14, 36, 1)(49, 36, 2)(9, 37, 4)(34, 37, 7)(45, 37, 3)(46, 37, 1)(21, 38, 3)(40, 38, 3)(19, 39, 7)(36, 39, 1)(7, 40, 1)
Queue1 : (12, 8, 4)
Queue2 : (1, 9, 4)
Queue3 : (50, 9, 5)
Queue4 : (5, 11, 5)
Queue5 :closed

Time: 12
Waiting clients: (47, 13, 2)(16, 14, 4)(37, 14, 7)(33, 17, 6)(38, 17, 7)(2, 19, 2)(13, 20, 6)(41, 20, 6)(20, 22, 5)(24, 23, 7)(17, 24, 2)(44, 25, 2)(25, 26, 7)(31, 26, 3)(15, 28, 3)(35, 28, 6)(27, 29, 4)(10, 30, 6)(26, 31, 1)(22, 32, 7)(23, 32, 2)(32, 32, 2)(11, 33, 4)(18, 33, 1)(43, 33, 5)(29, 34, 5)(6, 36, 2)(14, 36, 1)(49, 36, 2)(9, 37, 4)(34, 37, 7)(45, 37, 3)(46, 37, 1)(21, 38, 3)(40, 38, 3)(19, 39, 7)(36, 39, 1)(7, 40, 1)
Queue1 : (12, 8, 3) (48, 12, 6)
Queue2 : (1, 9, 3)
Queue3 : (50, 9, 4)
Queue4 : (5, 11, 4)
Queue5 : (30, 12, 3)

Time: 13
Waiting clients: (16, 14, 4)(37, 14, 7)(33, 17, 6)(38, 17, 7)(2, 19, 2)(13, 20, 6)(41, 20, 6)(20, 22, 5)(24, 23, 7)(17, 24, 2)(44, 25, 2)(25, 26, 7)(31, 26, 3)(15, 28, 3)(35, 28, 6)(27, 29, 4)(10, 30, 6)(26, 31, 1)(22, 32, 7)(23, 32, 2)(32, 32, 2)(11, 33, 4)(18, 33, 1)(43, 33, 5)(29, 34, 5)(6, 36, 2)(14, 36, 1)(49, 36, 2)(9, 37, 4)(34, 37, 7)(45, 37, 3)(46, 37, 1)(21, 38, 3)(40, 38, 3)(19, 39, 7)(36, 39, 1)(7, 40, 1)
Queue1 : (12, 8, 2) (48, 12, 6)
Queue2 : (1, 9, 2) (47, 13, 2)
Queue3 : (50, 9, 3)
Queue4 : (5, 11, 3)
Queue5 : (30, 12, 2)

Time: 14
Waiting clients: (33, 17, 6)(38, 17, 7)(2, 19, 2)(13, 20, 6)(41, 20, 6)(20, 22, 5)(24, 23, 7)(17, 24, 2)(44, 25, 2)(25, 26, 7)(31, 26, 3)(15, 28, 3)(35, 28, 6)(27, 29, 4)(10, 30, 6)(26, 31, 1)(22, 32, 7)(23, 32, 2)(32, 32, 2)(11, 33, 4)(18, 33, 1)(43, 33, 5)(29, 34, 5)(6, 36, 2)(14, 36, 1)(49, 36, 2)(9, 37, 4)(34, 37, 7)(45, 37, 3)(46, 37, 1)(21, 38, 3)(40, 38, 3)(19, 39, 7)(36, 39, 1)(7, 40, 1)
Queue1 : (12, 8, 1) (48, 12, 6)
Queue2 : (1, 9, 1) (47, 13, 2)
Queue3 : (50, 9, 2) (16, 14, 4)
Queue4 : (5, 11, 2) (37, 14, 7)
Queue5 : (30, 12, 1)

Time: 15
Waiting clients: (33, 17, 6)(38, 17, 7)(2, 19, 2)(13, 20, 6)(41, 20, 6)(20, 22, 5)(24, 23, 7)(17, 24, 2)(44, 25, 2)(25, 26, 7)(31, 26, 3)(15, 28, 3)(35, 28, 6)(27, 29, 4)(10, 30, 6)(26, 31, 1)(22, 32, 7)(23, 32, 2)(32, 32, 2)(11, 33, 4)(18, 33, 1)(43, 33, 5)(29, 34, 5)(6, 36, 2)(14, 36, 1)(49, 36, 2)(9, 37, 4)(34, 37, 7)(45, 37, 3)(46, 37, 1)(21, 38, 3)(40, 38, 3)(19, 39, 7)(36, 39, 1)(7, 40, 1)
Queue1 : (48, 12, 6)
Queue2 : (47, 13, 2)
Queue3 : (50, 9, 1) (16, 14, 4)
Queue4 : (5, 11, 1) (37, 14, 7)
Queue5 :closed

Time: 16
Waiting clients: (33, 17, 6)(38, 17, 7)(2, 19, 2)(13, 20, 6)(41, 20, 6)(20, 22, 5)(24, 23, 7)(17, 24, 2)(44, 25, 2)(25, 26, 7)(31, 26, 3)(15, 28, 3)(35, 28, 6)(27, 29, 4)(10, 30, 6)(26, 31, 1)(22, 32, 7)(23, 32, 2)(32, 32, 2)(11, 33, 4)(18, 33, 1)(43, 33, 5)(29, 34, 5)(6, 36, 2)(14, 36, 1)(49, 36, 2)(9, 37, 4)(34, 37, 7)(45, 37, 3)(46, 37, 1)(21, 38, 3)(40, 38, 3)(19, 39, 7)(36, 39, 1)(7, 40, 1)
Queue1 : (48, 12, 5)
Queue2 : (47, 13, 1)
Queue3 : (16, 14, 4)
Queue4 : (37, 14, 7)
Queue5 :closed

Time: 17
Waiting clients: (2, 19, 2)(13, 20, 6)(41, 20, 6)(20, 22, 5)(24, 23, 7)(17, 24, 2)(44, 25, 2)(25, 26, 7)(31, 26, 3)(15, 28, 3)(35, 28, 6)(27, 29, 4)(10, 30, 6)(26, 31, 1)(22, 32, 7)(23, 32, 2)(32, 32, 2)(11, 33, 4)(18, 33, 1)(43, 33, 5)(29, 34, 5)(6, 36, 2)(14, 36, 1)(49, 36, 2)(9, 37, 4)(34, 37, 7)(45, 37, 3)(46, 37, 1)(21, 38, 3)(40, 38, 3)(19, 39, 7)(36, 39, 1)(7, 40, 1)
Queue1 : (48, 12, 4)
Queue2 : (33, 17, 6)
Queue3 : (16, 14, 3)
Queue4 : (37, 14, 6)
Queue5 : (38, 17, 7)

Time: 18
Waiting clients: (2, 19, 2)(13, 20, 6)(41, 20, 6)(20, 22, 5)(24, 23, 7)(17, 24, 2)(44, 25, 2)(25, 26, 7)(31, 26, 3)(15, 28, 3)(35, 28, 6)(27, 29, 4)(10, 30, 6)(26, 31, 1)(22, 32, 7)(23, 32, 2)(32, 32, 2)(11, 33, 4)(18, 33, 1)(43, 33, 5)(29, 34, 5)(6, 36, 2)(14, 36, 1)(49, 36, 2)(9, 37, 4)(34, 37, 7)(45, 37, 3)(46, 37, 1)(21, 38, 3)(40, 38, 3)(19, 39, 7)(36, 39, 1)(7, 40, 1)
Queue1 : (48, 12, 3)
Queue2 : (33, 17, 5)
Queue3 : (16, 14, 2)
Queue4 : (37, 14, 5)
Queue5 : (38, 17, 6)

Time: 19
Waiting clients: (13, 20, 6)(41, 20, 6)(20, 22, 5)(24, 23, 7)(17, 24, 2)(44, 25, 2)(25, 26, 7)(31, 26, 3)(15, 28, 3)(35, 28, 6)(27, 29, 4)(10, 30, 6)(26, 31, 1)(22, 32, 7)(23, 32, 2)(32, 32, 2)(11, 33, 4)(18, 33, 1)(43, 33, 5)(29, 34, 5)(6, 36, 2)(14, 36, 1)(49, 36, 2)(9, 37, 4)(34, 37, 7)(45, 37, 3)(46, 37, 1)(21, 38, 3)(40, 38, 3)(19, 39, 7)(36, 39, 1)(7, 40, 1)
Queue1 : (48, 12, 2) (2, 19, 2)
Queue2 : (33, 17, 4)
Queue3 : (16, 14, 1)
Queue4 : (37, 14, 4)
Queue5 : (38, 17, 5)

Time: 20
Waiting clients: (20, 22, 5)(24, 23, 7)(17, 24, 2)(44, 25, 2)(25, 26, 7)(31, 26, 3)(15, 28, 3)(35, 28, 6)(27, 29, 4)(10, 30, 6)(26, 31, 1)(22, 32, 7)(23, 32, 2)(32, 32, 2)(11, 33, 4)(18, 33, 1)(43, 33, 5)(29, 34, 5)(6, 36, 2)(14, 36, 1)(49, 36, 2)(9, 37, 4)(34, 37, 7)(45, 37, 3)(46, 37, 1)(21, 38, 3)(40, 38, 3)(19, 39, 7)(36, 39, 1)(7, 40, 1)
Queue1 : (48, 12, 1) (2, 19, 2)
Queue2 : (33, 17, 3) (41, 20, 6)
Queue3 : (13, 20, 6)
Queue4 : (37, 14, 3)
Queue5 : (38, 17, 4)

Time: 21
Waiting clients: (20, 22, 5)(24, 23, 7)(17, 24, 2)(44, 25, 2)(25, 26, 7)(31, 26, 3)(15, 28, 3)(35, 28, 6)(27, 29, 4)(10, 30, 6)(26, 31, 1)(22, 32, 7)(23, 32, 2)(32, 32, 2)(11, 33, 4)(18, 33, 1)(43, 33, 5)(29, 34, 5)(6, 36, 2)(14, 36, 1)(49, 36, 2)(9, 37, 4)(34, 37, 7)(45, 37, 3)(46, 37, 1)(21, 38, 3)(40, 38, 3)(19, 39, 7)(36, 39, 1)(7, 40, 1)
Queue1 : (2, 19, 2)
Queue2 : (33, 17, 2) (41, 20, 6)
Queue3 : (13, 20, 5)
Queue4 : (37, 14, 2)
Queue5 : (38, 17, 3)

Time: 22
Waiting clients: (24, 23, 7)(17, 24, 2)(44, 25, 2)(25, 26, 7)(31, 26, 3)(15, 28, 3)(35, 28, 6)(27, 29, 4)(10, 30, 6)(26, 31, 1)(22, 32, 7)(23, 32, 2)(32, 32, 2)(11, 33, 4)(18, 33, 1)(43, 33, 5)(29, 34, 5)(6, 36, 2)(14, 36, 1)(49, 36, 2)(9, 37, 4)(34, 37, 7)(45, 37, 3)(46, 37, 1)(21, 38, 3)(40, 38, 3)(19, 39, 7)(36, 39, 1)(7, 40, 1)
Queue1 : (2, 19, 1) (20, 22, 5)
Queue2 : (33, 17, 1) (41, 20, 6)
Queue3 : (13, 20, 4)
Queue4 : (37, 14, 1)
Queue5 : (38, 17, 2)

Time: 23
Waiting clients: (17, 24, 2)(44, 25, 2)(25, 26, 7)(31, 26, 3)(15, 28, 3)(35, 28, 6)(27, 29, 4)(10, 30, 6)(26, 31, 1)(22, 32, 7)(23, 32, 2)(32, 32, 2)(11, 33, 4)(18, 33, 1)(43, 33, 5)(29, 34, 5)(6, 36, 2)(14, 36, 1)(49, 36, 2)(9, 37, 4)(34, 37, 7)(45, 37, 3)(46, 37, 1)(21, 38, 3)(40, 38, 3)(19, 39, 7)(36, 39, 1)(7, 40, 1)
Queue1 : (20, 22, 5)
Queue2 : (41, 20, 6)
Queue3 : (13, 20, 3)
Queue4 : (24, 23, 7)
Queue5 : (38, 17, 1)

Time: 24
Waiting clients: (44, 25, 2)(25, 26, 7)(31, 26, 3)(15, 28, 3)(35, 28, 6)(27, 29, 4)(10, 30, 6)(26, 31, 1)(22, 32, 7)(23, 32, 2)(32, 32, 2)(11, 33, 4)(18, 33, 1)(43, 33, 5)(29, 34, 5)(6, 36, 2)(14, 36, 1)(49, 36, 2)(9, 37, 4)(34, 37, 7)(45, 37, 3)(46, 37, 1)(21, 38, 3)(40, 38, 3)(19, 39, 7)(36, 39, 1)(7, 40, 1)
Queue1 : (20, 22, 4)
Queue2 : (41, 20, 5)
Queue3 : (13, 20, 2)
Queue4 : (24, 23, 6)
Queue5 : (17, 24, 2)

Time: 25
Waiting clients: (25, 26, 7)(31, 26, 3)(15, 28, 3)(35, 28, 6)(27, 29, 4)(10, 30, 6)(26, 31, 1)(22, 32, 7)(23, 32, 2)(32, 32, 2)(11, 33, 4)(18, 33, 1)(43, 33, 5)(29, 34, 5)(6, 36, 2)(14, 36, 1)(49, 36, 2)(9, 37, 4)(34, 37, 7)(45, 37, 3)(46, 37, 1)(21, 38, 3)(40, 38, 3)(19, 39, 7)(36, 39, 1)(7, 40, 1)
Queue1 : (20, 22, 3) (44, 25, 2)
Queue2 : (41, 20, 4)
Queue3 : (13, 20, 1)
Queue4 : (24, 23, 5)
Queue5 : (17, 24, 1)

Time: 26
Waiting clients: (15, 28, 3)(35, 28, 6)(27, 29, 4)(10, 30, 6)(26, 31, 1)(22, 32, 7)(23, 32, 2)(32, 32, 2)(11, 33, 4)(18, 33, 1)(43, 33, 5)(29, 34, 5)(6, 36, 2)(14, 36, 1)(49, 36, 2)(9, 37, 4)(34, 37, 7)(45, 37, 3)(46, 37, 1)(21, 38, 3)(40, 38, 3)(19, 39, 7)(36, 39, 1)(7, 40, 1)
Queue1 : (20, 22, 2) (44, 25, 2)
Queue2 : (41, 20, 3)
Queue3 : (25, 26, 7)
Queue4 : (24, 23, 4)
Queue5 : (31, 26, 3)

Time: 27
Waiting clients: (15, 28, 3)(35, 28, 6)(27, 29, 4)(10, 30, 6)(26, 31, 1)(22, 32, 7)(23, 32, 2)(32, 32, 2)(11, 33, 4)(18, 33, 1)(43, 33, 5)(29, 34, 5)(6, 36, 2)(14, 36, 1)(49, 36, 2)(9, 37, 4)(34, 37, 7)(45, 37, 3)(46, 37, 1)(21, 38, 3)(40, 38, 3)(19, 39, 7)(36, 39, 1)(7, 40, 1)
Queue1 : (20, 22, 1) (44, 25, 2)
Queue2 : (41, 20, 2)
Queue3 : (25, 26, 6)
Queue4 : (24, 23, 3)
Queue5 : (31, 26, 2)

Time: 28
Waiting clients: (27, 29, 4)(10, 30, 6)(26, 31, 1)(22, 32, 7)(23, 32, 2)(32, 32, 2)(11, 33, 4)(18, 33, 1)(43, 33, 5)(29, 34, 5)(6, 36, 2)(14, 36, 1)(49, 36, 2)(9, 37, 4)(34, 37, 7)(45, 37, 3)(46, 37, 1)(21, 38, 3)(40, 38, 3)(19, 39, 7)(36, 39, 1)(7, 40, 1)
Queue1 : (44, 25, 2) (15, 28, 3)
Queue2 : (41, 20, 1) (35, 28, 6)
Queue3 : (25, 26, 5)
Queue4 : (24, 23, 2)
Queue5 : (31, 26, 1)

Time: 29
Waiting clients: (10, 30, 6)(26, 31, 1)(22, 32, 7)(23, 32, 2)(32, 32, 2)(11, 33, 4)(18, 33, 1)(43, 33, 5)(29, 34, 5)(6, 36, 2)(14, 36, 1)(49, 36, 2)(9, 37, 4)(34, 37, 7)(45, 37, 3)(46, 37, 1)(21, 38, 3)(40, 38, 3)(19, 39, 7)(36, 39, 1)(7, 40, 1)
Queue1 : (44, 25, 1) (15, 28, 3)
Queue2 : (35, 28, 6)
Queue3 : (25, 26, 4)
Queue4 : (24, 23, 1)
Queue5 : (27, 29, 4)

Time: 30
Waiting clients: (26, 31, 1)(22, 32, 7)(23, 32, 2)(32, 32, 2)(11, 33, 4)(18, 33, 1)(43, 33, 5)(29, 34, 5)(6, 36, 2)(14, 36, 1)(49, 36, 2)(9, 37, 4)(34, 37, 7)(45, 37, 3)(46, 37, 1)(21, 38, 3)(40, 38, 3)(19, 39, 7)(36, 39, 1)(7, 40, 1)
Queue1 : (15, 28, 3)
Queue2 : (35, 28, 5)
Queue3 : (25, 26, 3)
Queue4 : (10, 30, 6)
Queue5 : (27, 29, 3)

Time: 31
Waiting clients: (22, 32, 7)(23, 32, 2)(32, 32, 2)(11, 33, 4)(18, 33, 1)(43, 33, 5)(29, 34, 5)(6, 36, 2)(14, 36, 1)(49, 36, 2)(9, 37, 4)(34, 37, 7)(45, 37, 3)(46, 37, 1)(21, 38, 3)(40, 38, 3)(19, 39, 7)(36, 39, 1)(7, 40, 1)
Queue1 : (15, 28, 2) (26, 31, 1)
Queue2 : (35, 28, 4)
Queue3 : (25, 26, 2)
Queue4 : (10, 30, 5)
Queue5 : (27, 29, 2)

Time: 32
Waiting clients: (11, 33, 4)(18, 33, 1)(43, 33, 5)(29, 34, 5)(6, 36, 2)(14, 36, 1)(49, 36, 2)(9, 37, 4)(34, 37, 7)(45, 37, 3)(46, 37, 1)(21, 38, 3)(40, 38, 3)(19, 39, 7)(36, 39, 1)(7, 40, 1)
Queue1 : (15, 28, 1) (26, 31, 1)
Queue2 : (35, 28, 3) (22, 32, 7)
Queue3 : (25, 26, 1) (23, 32, 2)
Queue4 : (10, 30, 4) (32, 32, 2)
Queue5 : (27, 29, 1)

Time: 33
Waiting clients: (29, 34, 5)(6, 36, 2)(14, 36, 1)(49, 36, 2)(9, 37, 4)(34, 37, 7)(45, 37, 3)(46, 37, 1)(21, 38, 3)(40, 38, 3)(19, 39, 7)(36, 39, 1)(7, 40, 1)
Queue1 : (26, 31, 1) (18, 33, 1)
Queue2 : (35, 28, 2) (22, 32, 7)
Queue3 : (23, 32, 2) (43, 33, 5)
Queue4 : (10, 30, 3) (32, 32, 2)
Queue5 : (11, 33, 4)

Time: 34
Waiting clients: (6, 36, 2)(14, 36, 1)(49, 36, 2)(9, 37, 4)(34, 37, 7)(45, 37, 3)(46, 37, 1)(21, 38, 3)(40, 38, 3)(19, 39, 7)(36, 39, 1)(7, 40, 1)
Queue1 : (18, 33, 1) (29, 34, 5)
Queue2 : (35, 28, 1) (22, 32, 7)
Queue3 : (23, 32, 1) (43, 33, 5)
Queue4 : (10, 30, 2) (32, 32, 2)
Queue5 : (11, 33, 3)

Time: 35
Waiting clients: (6, 36, 2)(14, 36, 1)(49, 36, 2)(9, 37, 4)(34, 37, 7)(45, 37, 3)(46, 37, 1)(21, 38, 3)(40, 38, 3)(19, 39, 7)(36, 39, 1)(7, 40, 1)
Queue1 : (29, 34, 5)
Queue2 : (22, 32, 7)
Queue3 : (43, 33, 5)
Queue4 : (10, 30, 1) (32, 32, 2)
Queue5 : (11, 33, 2)

Time: 36
Waiting clients: (9, 37, 4)(34, 37, 7)(45, 37, 3)(46, 37, 1)(21, 38, 3)(40, 38, 3)(19, 39, 7)(36, 39, 1)(7, 40, 1)
Queue1 : (29, 34, 4) (6, 36, 2)
Queue2 : (22, 32, 6) (14, 36, 1)
Queue3 : (43, 33, 4) (49, 36, 2)
Queue4 : (32, 32, 2)
Queue5 : (11, 33, 1)

Time: 37
Waiting clients: (21, 38, 3)(40, 38, 3)(19, 39, 7)(36, 39, 1)(7, 40, 1)
Queue1 : (29, 34, 3) (6, 36, 2) (46, 37, 1)
Queue2 : (22, 32, 5) (14, 36, 1)
Queue3 : (43, 33, 3) (49, 36, 2)
Queue4 : (32, 32, 1) (34, 37, 7)
Queue5 : (9, 37, 4) (45, 37, 3)

Time: 38
Waiting clients: (19, 39, 7)(36, 39, 1)(7, 40, 1)
Queue1 : (29, 34, 2) (6, 36, 2) (46, 37, 1)
Queue2 : (22, 32, 4) (14, 36, 1) (40, 38, 3)
Queue3 : (43, 33, 2) (49, 36, 2)
Queue4 : (34, 37, 7) (21, 38, 3)
Queue5 : (9, 37, 3) (45, 37, 3)

Time: 39
Waiting clients: (7, 40, 1)
Queue1 : (29, 34, 1) (6, 36, 2) (46, 37, 1)
Queue2 : (22, 32, 3) (14, 36, 1) (40, 38, 3)
Queue3 : (43, 33, 1) (49, 36, 2) (19, 39, 7)
Queue4 : (34, 37, 6) (21, 38, 3) (36, 39, 1)
Queue5 : (9, 37, 2) (45, 37, 3)

Time: 40
Waiting clients: 
Queue1 : (6, 36, 2) (46, 37, 1) (7, 40, 1)
Queue2 : (22, 32, 2) (14, 36, 1) (40, 38, 3)
Queue3 : (49, 36, 2) (19, 39, 7)
Queue4 : (34, 37, 5) (21, 38, 3) (36, 39, 1)
Queue5 : (9, 37, 1) (45, 37, 3)

Time: 41
Waiting clients: 
Queue1 : (6, 36, 1) (46, 37, 1) (7, 40, 1)
Queue2 : (22, 32, 1) (14, 36, 1) (40, 38, 3)
Queue3 : (49, 36, 1) (19, 39, 7)
Queue4 : (34, 37, 4) (21, 38, 3) (36, 39, 1)
Queue5 : (45, 37, 3)

Time: 42
Waiting clients: 
Queue1 : (46, 37, 1) (7, 40, 1)
Queue2 : (14, 36, 1) (40, 38, 3)
Queue3 : (19, 39, 7)
Queue4 : (34, 37, 3) (21, 38, 3) (36, 39, 1)
Queue5 : (45, 37, 2)

Time: 43
Waiting clients: 
Queue1 : (7, 40, 1)
Queue2 : (40, 38, 3)
Queue3 : (19, 39, 6)
Queue4 : (34, 37, 2) (21, 38, 3) (36, 39, 1)
Queue5 : (45, 37, 1)

Time: 44
Waiting clients: 
Queue1 :closed
Queue2 : (40, 38, 2)
Queue3 : (19, 39, 5)
Queue4 : (34, 37, 1) (21, 38, 3) (36, 39, 1)
Queue5 :closed

Time: 45
Waiting clients: 
Queue1 :closed
Queue2 : (40, 38, 1)
Queue3 : (19, 39, 4)
Queue4 : (21, 38, 3) (36, 39, 1)
Queue5 :closed

Time: 46
Waiting clients: 
Queue1 :closed
Queue2 :closed
Queue3 : (19, 39, 3)
Queue4 : (21, 38, 2) (36, 39, 1)
Queue5 :closed

Time: 47
Waiting clients: 
Queue1 :closed
Queue2 :closed
Queue3 : (19, 39, 2)
Queue4 : (21, 38, 1) (36, 39, 1)
Queue5 :closed

Time: 48
Waiting clients: 
Queue1 :closed
Queue2 :closed
Queue3 : (19, 39, 1)
Queue4 : (36, 39, 1)
Queue5 :closed

Time: 49
Waiting clients: 
Queue1 :closed
Queue2 :closed
Queue3 :closed
Queue4 :closed
Queue5 :closed

Time: 50
Waiting clients: 
Queue1 :closed
Queue2 :closed
Queue3 :closed
Queue4 :closed
Queue5 :closed

Time: 51
Waiting clients: 
Queue1 :closed
Queue2 :closed
Queue3 :closed
Queue4 :closed
Queue5 :closed

Time: 52
Waiting clients: 
Queue1 :closed
Queue2 :closed
Queue3 :closed
Queue4 :closed
Queue5 :closed

Time: 53
Waiting clients: 
Queue1 :closed
Queue2 :closed
Queue3 :closed
Queue4 :closed
Queue5 :closed

Time: 54
Waiting clients: 
Queue1 :closed
Queue2 :closed
Queue3 :closed
Queue4 :closed
Queue5 :closed

Time: 55
Waiting clients: 
Queue1 :closed
Queue2 :closed
Queue3 :closed
Queue4 :closed
Queue5 :closed

Time: 56
Waiting clients: 
Queue1 :closed
Queue2 :closed
Queue3 :closed
Queue4 :closed
Queue5 :closed

Time: 57
Waiting clients: 
Queue1 :closed
Queue2 :closed
Queue3 :closed
Queue4 :closed
Queue5 :closed

Time: 58
Waiting clients: 
Queue1 :closed
Queue2 :closed
Queue3 :closed
Queue4 :closed
Queue5 :closed

Time: 59
Waiting clients: 
Queue1 :closed
Queue2 :closed
Queue3 :closed
Queue4 :closed
Queue5 :closed


Average Waiting Time: 2.72
Peak Hour: 39
Average Service Time: 4.02